YYYYMMDD Kp[8]           Sum ap[8]                   Ap
20100101 0 0 0 0 0 0 0 1  1   0  0  0  0  0  0  0  4  0
20100102 0 0 0+0+0 0+0+0+ 2-  0  0  2  2  0  2  2  2  1
20100103 0+1+1-2 2-1-0 0+ 7   2  5  3  7  6  3  0  2  4
20100104 0+0 1+1 0+0 0+0  3+  2  0  5  4  2  0  2  0  2
20100105 0 0 0 0 1-1 0+0  2   0  0  0  0  3  4  2  0  1
20100106 1-0+0+0+0 0 0 0  2-  3  2  2  2  0  0  0  0  1
20100107 0 0 0 0 0 0 1-0  1-  0  0  0  0  0  0  3  0  0
20100108 1-0 0+0 0 0+0 0  1+  3  0  2  0  0  2  0  0  1
20100109 0 0 0 0+0+0+0 0+ 1+  0  0  0  2  2  2  0  2  1
20100110 0 0 1-1 1+2-1-0  5+  0  0  3  4  5  6  3  0  3
20100111 1-2-2+2+2+2-1 1 13   3  6  9  9  9  6  4  4  6
20100112 1+2 1-0+0 0 2-2- 8-  5  7  3  2  0  0  6  6  4
20100113 3 2+1+1-1 2-1+2+14- 15  9  5  3  4  6  5  9  7
20100114 2-2-0 1+1+1-1+1- 9-  6  6  0  5  5  3  5  3  4
20100115 1 0+0+0+0+1 2 2+ 8-  4  2  2  2  2  4  7  9  4
20100116 0+0 0 1-0+0 0 0+ 2-  2  0  0  3  2  0  0  2  1
20100117 0 0+0 0+0+0 0 0  1   0  2  0  2  2  0  0  0  1
20100118 0 1 0+0+1-1+1-1- 5   0  4  2  2  3  5  3  3  3
20100119 1-0 0 0 0+0+0 0+ 2-  3  0  0  0  2  2  0  2  1
20100120 1-0 1+1-2+4 4 4-17-  3  0  5  3  9 27 27 22 12
20100121 2 3-2+1 1 0+0 0+10-  7 12  9  4  4  2  0  2  5
20100122 1 2-0 1-1-0+1-1  6   4  6  0  3  3  2  3  4  3
20100123 2+1+1 2 2-0+0+1 10   9  5  4  7  6  2  2  4  5
20100124 1 1+1+2-1+1 1-0+ 9-  4  5  5  6  5  4  3  2  4
20100125 1-1-1+0+1+0 0+1+ 6   3  3  5  2  5  0  2  5  3
20100126 2 1+0+0+0+0+1-1- 6   7  5  2  2  2  2  3  3  3
20100127 0 0 0+0+0 0 0 1- 1+  0  0  2  2  0  0  0  3  1
20100128 1-0+0 0+1 1+2-0+ 6-  3  2  0  2  4  5  6  2  3
20100129 1-0+0 1-0 0 0 1- 2+  3  2  0  3  0  0  0  3  1
20100130 2 2 1 0+1 1 1+2 11-  7  7  4  2  4  4  5  7  5
20100131 2+1 0+1-1 1-1+1  8+  9  4  2  3  4  3  5  4  4
20100201 1+0 2-2-3-3-2 4-16-  5  0  6  6 12 12  7 22  9
20100202 3 2 1 2-2 2-1+4 17- 15  7  4  6  7  6  5 27 10
20100203 3 1 3-3-3-3-2 1-17+ 15  4 12 12 12 12  7  3 10
20100204 2+1+0+0 0 0 0 1  5   9  5  2  0  0  0  0  4  2
20100205 1-1 0+0+0+1-0 0+ 4-  3  4  2  2  2  3  0  2  2
20100206 0+0 0 1-2 3-1+1+ 8+  2  0  0  3  7 12  5  5  4
20100207 1-0+0+0+0 1-2-2  6   3  2  2  2  0  3  6  7  3
20100208 3-2+0+1 0+0 0 2- 8+ 12  9  2  4  2  0  0  6  4
20100209 1 0+1-1 0+1-0+0+ 5-  4  2  3  4  2  3  2  2  3
20100210 1 1+1-1 0+0 1-1- 6-  4  5  3  4  2  0  3  3  3
20100211 2 2 2-1+2 1-0+1 11   7  7  6  5  7  3  2  4  5
20100212 2-3+2-1 1-1+1-1 11+  6 18  6  4  3  5  3  4  6
20100213 1 1 0+0+0+2-2+1  8   4  4  2  2  2  6  9  4  4
20100214 1-0+0+1-2 0 0+3- 7   3  2  2  3  7  0  2 12  4
20100215 3 3 2-2 1+2 4-4+21  15 15  6  7  5  7 22 32 14
20100216 4-2 2+2+0+1-1+3+16  22  7  9  9  2  3  5 18  9
20100217 3+2+1-0+0 0 0+3 10  18  9  3  2  0  0  2 15  6
20100218 0+0 0+1 2 3 2 0+ 9   2  0  2  4  7 15  7  2  5
20100219 1+1-0+1-1 1-2 2- 8+  5  3  2  3  4  3  7  6  4
20100220 0 0 0 0 0+1-0 0+ 1+  0  0  0  0  2  3  0  2  1
20100221 0 0 0 0 1-1-1-0+ 2+  0  0  0  0  3  3  3  2  1
20100222 1 2 0 1 1 1+1+2- 9+  4  7  0  4  4  5  5  6  4
20100223 2+1+0 0+0 0+0+0  5-  9  5  0  2  0  2  2  0  2
20100224 1-2+0+1-0+0+1 1- 6+  3  9  2  3  2  2  4  3  4
20100225 2 0 0+0 0 0+1 3- 6+  7  0  2  0  0  2  4 12  3
20100226 3-0+0 0+0 0 0 0  3+ 12  2  0  2  0  0  0  0  2
20100227 0 0 0 0 0 1-1 0+ 2   0  0  0  0  0  3  4  2  1
20100228 0 0 1 0+1 1-0+1- 4   0  0  4  2  4  3  2  3  2
20100301 1+1 1 1-2 1+2-1+10+  5  4  4  3  7  5  6  5  5
20100302 0+0+0 1+2 1 1-2+ 8   2  2  0  5  7  4  3  9  4
20100303 1+2 1-2 2+3-2+2+16-  5  7  3  7  9 12  9  9  8
20100304 2 3 2 1-2 2-1 1 13+  7 15  7  3  7  6  4  4  7
20100305 0+0 1 1+2-1-1-1- 6+  2  0  4  5  6  3  3  3  3
20100306 3-0+0+0 0 1-1 2- 7- 12  2  2  0  0  3  4  6  4
20100307 2 3 2+1-1-0 0 0  9-  7 15  9  3  3  0  0  0  5
20100308 1-2-1 0+0 0+1-0+ 5   3  6  4  2  0  2  3  2  3
20100309 0 0 0+0+2-1 0+1- 4+  0  0  2  2  6  4  2  3  2
20100310 1+1-1+1 3-4-2+3-16-  5  3  5  4 12 22  9 12  9
20100311 4-3-3 2+2-1-2-1-16+ 22 12 15  9  6  3  6  3 10
20100312 3-3+2+2-2 2 2-1+17  12 18  9  6  7  7  6  5  9
20100313 1+0 0+0+0 1 2-1  6-  5  0  2  2  0  4  6  4  3
20100314 3-1 1 1-2 1 1 2 11+ 12  4  4  3  7  4  4  7  6
20100315 0+0 0 0 0+1 2+0+ 4+  2  0  0  0  2  4  9  2  2
20100316 0 1 1+1-1 0+1-2  7   0  4  5  3  4  2  3  7  4
20100317 1-4-2+1 0+0+1-3-12-  3 22  9  4  2  2  3 12  7
20100318 3 2+0+0 1-1-2-2-10+ 15  9  2  0  3  3  6  6  6
20100319 1-0 1 1-0+1-2-1+ 6+  3  0  4  3  2  3  6  5  3
20100320 2-3-2+1 2-2-2-0+13   6 12  9  4  6  6  6  2  6
20100321 1-0 0+0+0+0 0 0+ 2   3  0  2  2  2  0  0  2  1
20100322 0 0 0+0 0 0 0 0  0+  0  0  2  0  0  0  0  0  0
20100323 0+0 0 0 1-0+0+0  2-  2  0  0  0  3  2  2  0  1
20100324 0 0 0 0+2 2+1-1+ 7-  0  0  0  2  7  9  3  5  3
20100325 1 2-0+1+2-2+3-1-12-  4  6  2  5  6  9 12  3  6
20100326 0 1+1 1 2-0 0 2  7   0  5  4  4  6  0  0  7  3
20100327 2-2+0+0+0+1-1-0  6+  6  9  2  2  2  3  3  0  3
20100328 0 3 2+1+2-1+1 1-11+  0 15  9  5  6  5  4  3  6
20100329 2-0+1-1-1+1+0+2+ 9-  6  2  3  3  5  5  2  9  4
20100330 3-1+1-1-1-1+3-3-13- 12  5  3  3  3  5 12 12  7
20100331 2 2 1-2-0+1-1-2 10   7  7  3  6  2  3  3  7  5
20100401 3+3 2 2-3+3 1+3-20+ 18 15  7  6 18 15  5 12 12
20100402 3 3-4-3 2 2 3 3-22  15 12 22 15  7  7 15 12 13
20100403 3-1+1+1 2 3+3-2+17- 12  5  5  4  7 18 12  9  9
20100404 3+3-3+1+2-2 3 4-21  18 12 18  5  6  7 15 22 13
20100405 3 3+5+8-6-5 4+4-38  15 18 56179 67 48 32 22 55
20100406 5 5+5-5-4+5+5-5-39- 48 56 39 39 32 56 39 39 44
20100407 4+2+4+4-3+4-4-3+29- 32  9 32 22 18 22 22 18 22
20100408 4+2+2+2+1+1 2 4-19+ 32  9  9  9  5  4  7 22 12
20100409 3+2+1 1 1-1 2-1-12- 18  9  4  4  3  4  6  3  6
20100410 1 1 0+0 1-0+0+1  5-  4  4  2  0  3  2  2  4  3
20100411 1+0 1-0+4-4-4-4-17   5  0  3  2 22 22 22 22 12
20100412 6-4 3+1+1+3 3-1 22+ 67 27 18  5  5 15 12  4 19
20100413 0 0 1 1-0+1-0+2  5   0  0  4  3  2  3  2  7  3
20100414 2-1 0+1 1-1+2+5 13+  6  4  2  4  3  5  9 48 10
20100415 4-4-1+1 1+1+0+0 13- 22 22  5  4  5  5  2  0  8
20100416 1+1+0+0+0+1-1 0+ 6-  5  5  2  2  2  3  4  2  3
20100417 1-0+1-0+0 0 2-2- 5+  3  2  3  2  0  0  6  6  3
20100418 1+0+0+0+0 1-1-1  5-  5  2  2  2  0  3  3  4  3
20100419 1+2 1 2-1 1 1-1- 9+  5  7  4  6  4  4  3  3  4
20100420 0+0+1 1-2 2-1+1+ 9-  2  2  4  3  7  6  5  5  4
20100421 1-2+2 1+2+2-1 1-12   3  9  7  5  9  6  4  3  6
20100422 1-1+1 1-0+2-3-2+11-  3  5  4  3  2  6 12  9  6
20100423 4+3+1+1-1+0+1+2+15  32 18  5  3  5  2  5  9 10
20100424 4-3+1-1-1 1-1-0 11- 22 18  3  3  4  3  3  0  7
20100425 1 2-0+0+0+0+0+0+ 5-  4  6  2  2  2  2  2  2  3
20100426 0 0 0+0+0+1-0+0+ 2+  0  0  2  2  2  3  2  2  2
20100427 2+1 0+0+0+2-1 2- 9-  9  4  2  2  2  6  4  6  4
20100428 1 1-1 0+1+1-0+1  6+  4  3  4  2  5  3  2  4  3
20100429 3 3+0+0+1-0+1 1-10- 15 18  2  2  3  2  4  3  6
20100430 1+1-1-0+1-1-1-1- 6-  5  3  3  2  3  3  3  3  3
20100501 1-1+0+0+1-1 0+0+ 5   3  5  2  2  3  4  2  2  3
20100502 1 1 1+4 6 5 6-5+29+  4  4  5 27 80 48 67 56 36
20100503 5 4 4-3+4-3 3+4-30- 48 27 22 18 22 15 18 22 24
20100504 4-2 2+2+2 2-2-3 19- 22  7  9  9  7  6  6 15 10
20100505 3-2 1+1 1 2 3-2-14+ 12  7  5  4  4  7 12  6  7
20100506 1-2+2 2-2-3-3-3-16+  3  9  7  6  6 12 12 12  8
20100507 3 2+2 1+2 2-2+2 17- 15  9  7  5  7  6  9  7  8
20100508 2 2 2-1 1+1-1+1 11   7  7  6  4  5  3  5  4  5
20100509 1+0+0 0 0+0+1-1- 4-  5  2  0  0  2  2  3  3  2
20100510 1 1-0 1-1-1 2+1+ 8-  4  3  0  3  3  4  9  5  4
20100511 2+2 2-1+1+1 2-1-12   9  7  6  5  5  4  6  3  6
20100512 2-2-1-2 2+1 0 1 10+  6  6  3  7  9  4  0  4  5
20100513 1+0+0+0+1-1 1-0  5-  5  2  2  2  3  4  3  0  3
20100514 0+1-0+0+0+2-1 0  5-  2  3  2  2  2  6  4  0  3
20100515 1+1+0+1-0+0+0 0  4+  5  5  2  3  2  2  0  0  2
20100516 1-1-0+0+0+1+1+1+ 6+  3  3  2  2  2  5  5  5  3
20100517 2 1+1-1 2-1+2-1+11   7  5  3  4  6  5  6  5  5
20100518 2-2-1+1+2-1 1 1 11-  6  6  5  5  6  4  4  4  5
20100519 1-1-1-2-3+3-2-2 13+  3  3  3  6 18 12  6  7  7
20100520 3+2-2 2+3 3-1 2+18+ 18  6  7  9 15 12  4  9 10
20100521 2 1 1+1-1 1-1-1- 8   7  4  5  3  4  3  3  3  4
20100522 0 1+1+1 0+0+0+0+ 5   0  5  5  4  2  2  2  2  3
20100523 0+0+0 0 0 0 0 0  1-  2  2  0  0  0  0  0  0  0
20100524 0 0+0 0 0+1-0+0+ 2   0  2  0  0  2  3  2  2  1
20100525 1 1 1 1 1+1-1 2+ 9+  4  4  4  4  5  3  4  9  5
20100526 2-1+1 1+1+1 1-1+10-  6  5  4  5  5  4  3  5  5
20100527 1+0+0+1-0+0+0+0+ 4   5  2  2  3  2  2  2  2  2
20100528 2-3 2-3 3 1+2+3+19+  6 15  6 15 15  5  9 18 11
20100529 3-4-5+4-4+4+4+3 31+ 12 22 56 22 32 32 32 15 28
20100530 3-2+4 3-2 4 5 4 27- 12  9 27 12  7 27 48 27 21
20100531 3-3-3+3 4-3-3-3+24  12 12 18 15 22 12 12 18 15
20100601 4-2 2 1+2 2 4-2+19  22  7  7  5  7  7 22  9 11
20100602 2 3-1+1-1+2-1+2 13   7 12  5  3  5  6  5  7  6
20100603 1+2-2-3+2+2-3-3+18   5  6  6 18  9  6 12 18 10
20100604 5-4 2 3+2-1 1+2-20- 39 27  7 18  6  4  5  6 14
20100605 1+1+1+0+0+1 1+3-10-  5  5  5  2  2  4  5 12  5
20100606 2 1+1-1 1-1 2+2 11   7  5  3  4  3  4  9  7  5
20100607 2-1 1-1 2-1 1+1  9+  6  4  3  4  6  4  5  4  4
20100608 1 0+1-1-0+1 1 0  5   4  2  3  3  2  4  4  0  3
20100609 1-1-1-1-1-1+1 1  7-  3  3  3  3  3  5  4  4  4
20100610 2+2 2-2 1 1-0+1 11   9  7  6  7  4  3  2  4  5
20100611 2-1+1-1-1+1 0+1- 8-  6  5  3  3  5  4  2  3  4
20100612 0+0+0+0+0+0+1 0+ 3+  2  2  2  2  2  2  4  2  2
20100613 1-2-2-2-2-1+1 2-11+  3  6  6  6  6  5  4  6  5
20100614 1+1 1+1 1-1-1 1- 8-  5  4  5  4  3  3  4  3  4
20100615 1-1+2-2+1+2+2+3 15   3  5  6  9  5  9  9 15  8
20100616 3+3+3 3+3 3+4-3 26  18 18 15 18 15 18 22 15 17
20100617 2 2-3 2 1-2 2+2-15+  7  6 15  7  3  7  9  6  8
20100618 2-2-1+1 1-2-2-0 10-  6  6  5  4  3  6  6  0  4
20100619 1-0+0+1-0+1-2-1- 5+  3  2  2  3  2  3  6  3  3
20100620 0+0+0+1-1-1-0+1+ 5-  2  2  2  3  3  3  2  5  3
20100621 1 1-2+0+0+0+2-2- 8+  4  3  9  2  2  2  6  6  4
20100622 1-1+1-1+1 2-1 1+ 9   3  5  3  5  4  6  4  5  4
20100623 0+1 1+1+1-1-1-0+ 6+  2  4  5  5  3  3  3  2  3
20100624 0 0+0+1-1+2 2+1+ 8+  0  2  2  3  5  7  9  5  4
20100625 2 1-1-1+1+2 2+3 13+  7  3  3  5  5  7  9 15  7
20100626 3-3+3+3-2 2+2+3 22- 12 18 18 12  7  9  9 15 12
20100627 3 4-3 3-2+2 2 3-21+ 15 22 15 12  9  7  7 12 12
20100628 2-2-2-2-1+2+2-1+13+  6  6  6  6  5  9  6  5  6
20100629 1+2 2+2-2-2-2+4+17+  5  7  9  6  6  6  9 32 10
20100630 4+4 3 3-3-2+2+3 24+ 32 27 15 12 12  9  9 15 16
20100701 2 3-2 2 2 3 3+2 19   7 12  7  7  7 15 18  7 10
20100702 3-2 2+2-2-1+2-3-16  12  7  9  6  6  5  6 12  8
20100703 2-2+0 2-2-2 1+2 13-  6  9  0  6  6  7  5  7  6
20100704 2-1-1 1+1 1 1 1- 8+  6  3  4  5  4  4  4  3  4
20100705 0+1-1 1 1-0+1-1- 5+  2  3  4  4  3  2  3  3  3
20100706 1+1-1-0+0 0+0+0  4-  5  3  3  2  0  2  2  0  2
20100707 0 0+0 0+1-1-0+1- 3   0  2  0  2  3  3  2  3  2
20100708 0 0 0+0+0+0+1+1+ 4   0  0  2  2  2  2  5  5  2
20100709 2 2-1+1 1 1-1-1- 9   7  6  5  4  4  3  3  3  4
20100710 0 0+0+0 0+0+0+0  2-  0  2  2  0  2  2  2  0  1
20100711 0 1-0+0+2-2-1-2  7+  0  3  2  2  6  6  3  7  4
20100712 1+0+0+0+1 0+1 2- 6+  5  2  2  2  4  2  4  6  3
20100713 1-1-0+0 0+0+0+1- 3+  3  3  2  0  2  2  2  3  2
20100714 1-1+1 2 2-2-2+4+15   3  5  4  7  6  6  9 32  9
20100715 4 2+1+2-2-2 1-1 15- 27  9  5  6  6  7  3  4  8
20100716 0 0+1 1 2 0+0+0+ 5+  0  2  4  4  7  2  2  2  3
20100717 0 0+0+0+0+0+0 0+ 2   0  2  2  2  2  2  0  2  2
20100718 0 0 0+1-0+1-0+0+ 3-  0  0  2  3  2  3  2  2  2
20100719 0+0+0+1-1-1+1-1- 5   2  2  2  3  3  5  3  3  3
20100720 1 1-2-1 2-1 1+1  9+  4  3  6  4  6  4  5  4  4
20100721 1 2-0+1-1+1+2-1- 9-  4  6  2  3  5  5  6  3  4
20100722 1-1 1 1 1+1 1-1  8-  3  4  4  4  5  4  3  4  4
20100723 1+2 2-2-1 2 3-2+15-  5  7  6  6  4  7 12  9  7
20100724 2-1 1-0+1-1+1 2  9-  6  4  3  2  3  5  4  7  4
20100725 2+1+1 1 1+1+1+2-11+  9  5  4  4  5  5  5  6  5
20100726 2 2-1+1 1-1-1+2 11-  7  6  5  4  3  3  5  7  5
20100727 3-3+4-4-3-3+4 3+27- 12 18 22 22 12 18 27 18 19
20100728 4 2-2+3-3-2 2+2+20  27  6  9 12 12  7  9  9 11
20100729 2-2 2 2-2 1 1+1+13   6  7  7  6  7  4  5  5  6
20100730 2-1 1-1+2-2+2 2+13   6  4  3  5  6  9  7  9  6
20100731 2 1-0+1+2+2+1 1-11-  7  3  2  5  9  9  4  3  5
20100801 0+1-1 1 1 1 1 1+ 7+  2  3  4  4  4  4  4  5  4
20100802 1 2 1+1 2-2-1-2 11+  4  7  5  4  6  6  3  7  5
20100803 2+2 2-1+1+3+5-7-23+  9  7  6  5  5 18 39111 25
20100804 6+4+3-5 5 4-6+5-38  94 32 12 48 48 22 94 39 49
20100805 4 3-1-1 2-1 1+2 14+ 27 12  3  4  6  4  5  7  8
20100806 1+2+1+1 1+1 1+1 11-  5  9  5  4  5  4  5  4  5
20100807 1-1+1+1 0+1 1-1- 7   3  5  5  4  2  4  3  3  4
20100808 0+0+0 1 1-1 2 1- 6   2  2  0  4  3  4  7  3  3
20100809 2+3 2-1+2+3-2 2 17+  9 15  6  5  9 12  7  7  9
20100810 2 2 2-1-1+1 1+3-13-  7  7  6  3  5  4  5 12  6
20100811 3+2 3-1+1 1+1 1-13+ 18  7 12  5  4  5  4  3  7
20100812 2-1+1 1-1-1-1-1  8-  6  5  4  3  3  3  3  4  4
20100813 1 1+0+0+0+1 1-0+ 5+  4  5  2  2  2  4  3  2  3
20100814 0+0+0+1-1 1 1-1- 5   2  2  2  3  4  4  3  3  3
20100815 2+1+0+1 1+1 2-2 11   9  5  2  4  5  4  6  7  5
20100816 1+2-1 1 1-1+2 1-10-  5  6  4  4  3  5  7  3  5
20100817 1 1 0+1-1 2-2-1  8+  4  4  2  3  4  6  6  4  4
20100818 1+2+1+1-1+0+0+0+ 8   5  9  5  3  5  2  2  2  4
20100819 1 1 1 1+1-0+0+0+ 6   4  4  4  5  3  2  2  2  3
20100820 0 0 0 0+1+1 0+1  4   0  0  0  2  5  4  2  4  2
20100821 0 1-0 0+1-1-1-1- 4-  0  3  0  2  3  3  3  3  2
20100822 0 0+0 0+0+0+0 0+ 2-  0  2  0  2  2  2  0  2  1
20100823 0+0+0+0+1+1 1+4- 9-  2  2  2  2  5  4  5 22  6
20100824 4-4-4-3 4 3+2+4-27+ 22 22 22 15 27 18  9 22 20
20100825 4+5-2+3-3 3 2-3 25- 32 39  9 12 15 15  6 15 18
20100826 3 3-3 2-2+2 2-2-18  15 12 15  6  9  7  6  6 10
20100827 2 3 3+3+3-3+1+3 22   7 15 18 18 12 18  5 15 14
20100828 3-2 3-2-2-1+1+2-15  12  7 12  6  6  5  5  6  7
20100829 1+0 1-0+0+0 0+1- 4-  5  0  3  2  2  0  2  3  2
20100830 0+0 0 0 0 0+0+0+ 1+  2  0  0  0  0  2  2  2  1
20100831 0+0 1-0+1 1-1-1+ 5   2  0  3  2  4  3  3  5  3
20100901 0 1 0+0+1-1+2+2+ 8+  0  4  2  2  3  5  9  9  4
20100902 2 2-2 2 1 2+1 1-13-  7  6  7  7  4  9  4  3  6
20100903 1+0+0 1-0+0 1-0  3+  5  2  0  3  2  0  3  0  2
20100904 0 0+0 0 0+0+0+1  2+  0  2  0  0  2  2  2  4  2
20100905 0 0+0+1-0 1-1 3  6   0  2  2  3  0  3  4 15  4
20100906 3-3 2-1+1+2-2-2+16- 12 15  6  5  5  6  6  9  8
20100907 3-3 1 3-3-3-2 2+19  12 15  4 12 12 12  7  9 10
20100908 2+2+1 2-4-4-2+2 19   9  9  4  6 22 22  9  7 11
20100909 1 0 0 1+2+3 1-1+10-  4  0  0  5  9 15  3  5  5
20100910 1 1 1-0+0+0+0 0  4-  4  4  3  2  2  2  0  0  2
20100911 0 0 0+0+0+0 0 0  1   0  0  2  2  2  0  0  0  1
20100912 0 0 1-0+0+0+0+0  2   0  0  3  2  2  2  2  0  1
20100913 0+0 0 0+1-2-1-0  4-  2  0  0  2  3  6  3  0  2
20100914 1-2-3 2 1+2+2+3-16   3  6 15  7  5  9  9 12  8
20100915 4-1+1+2+1-0+0+1 11  22  5  5  9  3  2  2  4  6
20100916 1-0+0+0+2-2+4-2-11   3  2  2  2  6  9 22  6  6
20100917 2 3 3-2+2-2-1+1 16-  7 15 12  9  6  6  5  4  8
20100918 3-1 1 1 0+1 1-1- 8+ 12  4  4  4  2  4  3  3  4
20100919 1 1+1-1-1-1-1-1- 6+  4  5  3  3  3  3  3  3  3
20100920 1-2-0+1-1-1-2 0+ 7   3  6  2  3  3  3  7  2  4
20100921 2-3-2 1 0+0 0 1- 8+  6 12  7  4  2  0  0  3  4
20100922 1+0+0 0 0+0+0+1- 3+  5  2  0  0  2  2  2  3  2
20100923 1 1+2 2-2+1+2-1+13-  4  5  7  6  9  5  6  5  6
20100924 2+3-3+2 3-4 3-4-23+  9 12 18  7 12 27 12 22 15
20100925 3+3 2 1+1+1+1-1-14- 18 15  7  5  5  5  3  3  8
20100926 1 0+1 1 3-3-2+2 13   4  2  4  4 12 12  9  7  7
20100927 1+0 1-0+2-3-3-3-12   5  0  3  2  6 12 12 12  6
20100928 2 1+4+3+3-2 2-1-18   7  5 32 18 12  7  6  3 11
20100929 1 3-1-1-1 1-0+0  7   4 12  3  3  4  3  2  0  4
20100930 0 0 0+1-0+0+0+1- 3-  0  0  2  3  2  2  2  3  2
20101001 1-1-0 0+0+0 0 0+ 2+  3  3  0  2  2  0  0  2  2
20101002 0 0 0 0 0 0 0 0  0   0  0  0  0  0  0  0  0  0
20101003 1-1 0 1-0 0 0+0  3-  3  4  0  3  0  0  2  0  2
20101004 0 0 0 0 1-0+1-1  3-  0  0  0  0  3  2  3  4  2
20101005 2-2-2+2 1 1+1-0+11   6  6  9  7  4  5  3  2  5
20101006 1+0 1+1+2+2 2-0+10+  5  0  5  5  9  7  6  2  5
20101007 1-1 1-1-1+0+0 1+ 6   3  4  3  3  5  2  0  5  3
20101008 3 2-1-1 0+1-0+1  9- 15  6  3  4  2  3  2  4  5
20101009 2 1+1 2-0+1 1-0+ 8+  7  5  4  6  2  4  3  2  4
20101010 0+0 0 1-1 1-1 2  6-  2  0  0  3  4  3  4  7  3
20101011 1-2 3 4-4+4+4 3+25+  3  7 15 22 32 32 27 18 20
20101012 3 4-2 1+2-3-1+3-18+ 15 22  7  5  6 12  5 12 10
20101013 2-1+2 1-1-1+1-0+ 9-  6  5  7  3  3  5  3  2  4
20101014 1-0 0 0+0 0 0 0+ 1+  3  0  0  2  0  0  0  2  1
20101015 1-1-1-2-1+1+2 2 10+  3  3  3  6  5  5  7  7  5
20101016 2+2-1-0 1 2 3-3-13   9  6  3  0  4  7 12 12  7
20101017 2+3+4-2 1+1-2+3-18+  9 18 22  7  5  3  9 12 11
20101018 2+1-1-1 0+0+2-3-10-  9  3  3  4  2  2  6 12  5
20101019 2+3-2+2-1+1-1-1+13   9 12  9  6  5  3  3  5  6
20101020 2 1+0+1+2 0+1 1  9+  7  5  2  5  7  2  4  4  4
20101021 2-1-0 0+1 1 1-0  5+  6  3  0  2  4  4  3  0  3
20101022 0 1-1+1 1 1+2+3 11-  0  3  5  4  4  5  9 15  6
20101023 4-3-4-4+5 4-3 5-31- 22 12 22 32 48 22 15 39 26
20101024 4-4 2+3 3 3 4 2+25+ 22 27  9 15 15 15 27  9 17
20101025 1+2 2 2-3-1 3-1+15-  5  7  7  6 12  4 12  5  7
20101026 3-2-2 2 1+2 3 2 17- 12  6  7  7  5  7 15  7  8
20101027 1-1 1+1-1 1-3-1  9   3  4  5  3  4  3 12  4  5
20101028 1-0+1-1+1+1 1 0+ 7-  3  2  3  5  5  4  4  2  4
20101029 2-2 1-0 1 1 0 0  6+  6  7  3  0  4  4  0  0  3
20101030 0 0 0 1 1-2-0 0+ 4-  0  0  0  4  3  6  0  2  2
20101031 0 1+1-2 2+1-1-1  9-  0  5  3  7  9  3  3  4  4
20101101 0 1-1+1-2-0 1-1- 6-  0  3  5  3  6  0  3  3  3
20101102 0+0+1 1+0+0+0+0+ 4+  2  2  4  5  2  2  2  2  3
20101103 2-2-1 1 1 1 2-1-10-  6  6  4  4  4  4  6  3  5
20101104 2-1+0 1-1+1-0 1- 6+  6  5  0  3  5  3  0  3  3
20101105 0 0 1-1 1 1+1-0  5-  0  0  3  4  4  5  3  0  2
20101106 0 0 0 0+0+1-0 1- 2   0  0  0  2  2  3  0  3  1
20101107 1-0 0 0 0+0+2-0+ 3+  3  0  0  0  2  2  6  2  2
20101108 0 0 1 1 2 2-1+1- 8-  0  0  4  4  7  6  5  3  4
20101109 0 2 1-0+0+0+0 0+ 4   0  7  3  2  2  2  0  2  2
20101110 0 0 0+0 0 1 2 3  6+  0  0  2  0  0  4  7 15  4
20101111 3+1+2 3+3+3+3-5-24  18  5  7 18 18 18 12 39 17
20101112 4-3+4-4-3+2 2-3 24+ 22 18 22 22 18  7  6 15 16
20101113 3-1-1 1 1+1+3-3-13+ 12  3  4  4  5  5 12 12  7
20101114 2-2 1-1 1 3-2+3 14+  6  7  3  4  4 12  9 15  8
20101115 2+3+2-2+1 0+1-4-15+  9 18  6  9  4  2  3 22  9
20101116 3+2 1-2-2 2+1 1-14- 18  7  3  6  7  9  4  3  7
20101117 1-3-2-1 1 0+1-1  9   3 12  6  4  4  2  3  4  5
20101118 1 2+2-1+2-1 2-1 12-  4  9  6  5  6  4  6  4  6
20101119 1-1+0+1-1-0+0 0  4   3  5  2  3  3  2  0  0  2
20101120 0 1-2-1 0+0+0+0+ 5-  0  3  6  4  2  2  2  2  3
20101121 2-1-0 2-1 1-2-1- 8   6  3  0  6  4  3  6  3  4
20101122 1-1+2-2 2 2 1+1+12+  3  5  6  7  7  7  5  5  6
20101123 2 2 3 1 1+3 3 2+18-  7  7 15  4  5 15 15  9 10
20101124 2-1+1+1+1 2-3-2-13-  6  5  5  5  4  6 12  6  6
20101125 1+1+1+1-1+0+1-0  7   5  5  5  3  5  2  3  0  4
20101126 0 0 0 0+0+0+1 0  2   0  0  0  2  2  2  4  0  1
20101127 0 0 0 0+1-2-5-5-12   0  0  0  2  3  6 39 39 11
20101128 3 3+2 1 1 2 3-2-17- 15 18  7  4  4  7 12  6  9
20101129 0+1-1+1 1+0+2 0+ 7+  2  3  5  4  5  2  7  2  4
20101130 1 1 1-1 1-1 1 1- 7   4  4  3  4  3  4  4  3  4
20101201 1+0+0+0 0 0+2-0+ 4+  5  2  2  0  0  2  6  2  2
20101202 2-1+1-0 0+0 0 0+ 4+  6  5  3  0  2  0  0  2  2
20101203 0 1-0 0 0 0 0+0+ 1+  0  3  0  0  0  0  2  2  1
20101204 0 0 1-0+0+0 1 0  2+  0  0  3  2  2  0  4  0  1
20101205 0 0 0 0 0 0 0 2- 2-  0  0  0  0  0  0  0  6  1
20101206 1-0+0+1-0+1 2-0+ 5+  3  2  2  3  2  4  6  2  3
20101207 1 0+1 1 2 2 2-1+10+  4  2  4  4  7  7  6  5  5
20101208 2-2 1+0+1-3 3 1 13   6  7  5  2  3 15 15  4  7
20101209 0+0+1-0+0 0 0 0+ 2   2  2  3  2  0  0  0  2  1
20101210 0 0+0 0+0 0 0+0  1   0  2  0  2  0  0  2  0  1
20101211 0+0+0+0 0+0 0 0+ 2-  2  2  2  0  2  0  0  2  1
20101212 0 0 0+0 1-3 2 2+ 8+  0  0  2  0  3 15  7  9  4
20101213 3-3-2+1-1 2-3 3-17- 12 12  9  3  4  6 15 12  9
20101214 2+3-2+3 3+3+4-4-24+  9 12  9 15 18 18 22 22 16
20101215 3+4-2-1 2 2 2-1 16+ 18 22  6  4  7  7  6  4  9
20101216 2+2-2 2 0+1+2-1 12+  9  6  7  7  2  5  6  4  6
20101217 2 1+0 0+1-2-2-1+ 9   7  5  0  2  3  6  6  5  4
20101218 0+2+1-0 1 1 1 1- 7   2  9  3  0  4  4  4  3  4
20101219 1+1-0+0 0 0+0 2  5-  5  3  2  0  0  2  0  7  2
20101220 1+4-2+2+2 2 2-4-19   5 22  9  9  7  7  6 22 11
20101221 1-1-0+0+1-1 0+0  4   3  3  2  2  3  4  2  0  2
20101222 0 0 0 0+0+0+0 0  1   0  0  0  2  2  2  0  0  1
20101223 0+0 0 0+0 0 0 1- 1+  2  0  0  2  0  0  0  3  1
20101224 1 2 1 0 1-1 0+0  6   4  7  4  0  3  4  2  0  3
20101225 2-1+1+1-1 2 2 1 11   6  5  5  3  4  7  7  4  5
20101226 1 1-1-0+0+0+2-1+ 6+  4  3  3  2  2  2  6  5  3
20101227 2 0 0 0 0 0 0+1+ 4-  7  0  0  0  0  0  2  5  2
20101228 0+1-1-1-4-4 3 1+14+  2  3  3  3 22 27 15  5 10
20101229 2-1 1 1-1 1 2 0  8+  6  4  4  3  4  4  7  0  4
20101230 0 0 1 1 1+2+2-1+ 9-  0  0  4  4  5  9  6  5  4
20101231 2-1-1 1+1-1+1-0+ 8-  6  3  4  5  3  5  3  2  4
