YYYYMMDD Kp[8]           Sum ap[8]                   Ap
20070101 1+1-1 3-4-3-2 2+16+  5  3  4 12 22 12  7  9  9
20070102 5-4+2+4 5-3 3-3+29  39 32  9 27 39 15 12 18 24
20070103 2+4-3 4-4+4 3 4-28-  9 22 15 22 32 27 15 22 20
20070104 3 4-4 3+3 3+3-3-26- 15 22 27 18 15 18 12 12 17
20070105 3-2+2 2+3 2+2-2-18  12  9  7  9 15  9  6  6  9
20070106 1+2 1-0+1-3-1+1+10+  5  7  3  2  3 12  5  5  5
20070107 0+0 0 0+1-0 0 0+ 2-  2  0  0  2  3  0  0  2  1
20070108 1-1+0 0+1 1 1+0+ 6   3  5  0  2  4  4  5  2  3
20070109 0 0+1+1-1 1+2-1- 7   0  2  5  3  4  5  6  3  4
20070110 0+2+2-2 1+3-1+1 13-  2  9  6  7  5 12  5  4  6
20070111 1+2+2+1+2 2-2-1 14-  5  9  9  5  7  6  6  4  6
20070112 3 0+0+0+0+0+0 0  5- 15  2  2  2  2  2  0  0  3
20070113 0 0 0 0 0 0 0 0  0   0  0  0  0  0  0  0  0  0
20070114 0 0 0+0+2-1-1+2  6+  0  0  2  2  6  3  5  7  3
20070115 2 3-3 3 5 3 3-1 22+  7 12 15 15 48 15 12  4 16
20070116 0+5-1 1+2 3-3-4 19-  2 39  4  5  7 12 12 27 14
20070117 4+4-4 3+3+3-5-4+30+ 32 22 27 18 18 12 39 32 25
20070118 3 3+3+3+3 3+3+4 27- 15 18 18 18 15 18 18 27 18
20070119 3 4+2 2 3-2+2 3 21+ 15 32  7  7 12  9  7 15 13
20070120 3 2 2+2+1 1+2-2+16  15  7  9  9  4  5  6  9  8
20070121 2+3 3 2 2-2-2-0+16-  9 15 15  7  6  6  6  2  8
20070122 1-0 1 1 1-1-2-0  6-  3  0  4  4  3  3  6  0  3
20070123 1+2 0+1 0+0+0 0  5+  5  7  2  4  2  2  0  0  3
20070124 0 0 0+1-0+1 1 1- 4   0  0  2  3  2  4  4  3  2
20070125 0 0 0+1 0+0+0+2- 4   0  0  2  4  2  2  2  6  2
20070126 1-0+1 1-1 1-0 1  5+  3  2  4  3  4  3  0  4  3
20070127 1-2 0+1-1-0 1-2  7   3  7  2  3  3  0  3  7  4
20070128 2+2 1-1-0+0+1+2- 9+  9  7  3  3  2  2  5  6  5
20070129 3+2+3 2 5+5+5-4 30  18  9 15  7 56 56 39 27 28
20070130 4-4+4 3+4-3+4-4 30  22 32 27 18 22 18 22 27 24
20070131 3+3 3+3+3 4 4 3+27+ 18 15 18 18 15 27 27 18 20
20070201 3 2-2+2+1+1 2+3-17- 15  6  9  9  5  4  9 12  9
20070202 1-1 2-1 1-1+1-1  8   3  4  6  4  3  5  3  4  4
20070203 2-2-1-1-0 0 0 0  5-  6  6  3  3  0  0  0  0  2
20070204 0+0+1 1 0 0 0+1- 4-  2  2  4  4  0  0  2  3  2
20070205 1 1+1 1 2 2-2 2 12   4  5  4  4  7  6  7  7  6
20070206 2-3-3-2 0+1 1 1-12   6 12 12  7  2  4  4  3  6
20070207 3 2 3-3 2+2+4-3-22- 15  7 12 15  9  9 22 12 13
20070208 2+3+2+2 2 3-1+1 17   9 18  9  7  7 12  5  4  9
20070209 2-3-2 1 0+1-1+1 11-  6 12  7  4  2  3  5  4  5
20070210 2 1 0+0+0+2-2-1  8+  7  4  2  2  2  6  6  4  4
20070211 0 1-0 0 0 0 2-2- 4   0  3  0  0  0  0  6  6  2
20070212 0+0+0+2+3 3-2 3 14   2  2  2  9 15 12  7 15  8
20070213 3 3 2+2 2-3+4+6-25+ 15 15  9  7  6 18 32 67 21
20070214 4+3 3 3+2+3+4+2+26  32 15 15 18  9 18 32  9 18
20070215 3-4+2 3-2 2+3 2+21+ 12 32  7 12  7  9 15  9 13
20070216 2 2 2-1 2 2-2+3 16-  7  7  6  4  7  6  9 15  8
20070217 3-3-1+1+3-2+1+3-17  12 12  5  5 12  9  5 12  9
20070218 2-0 1 2-1+2-2-1+10+  6  0  4  6  5  6  6  5  5
20070219 0 0 0+1-1+2-0+1- 5   0  0  2  3  5  6  2  3  3
20070220 0 0+0 1-0+1-0 1  3   0  2  0  3  2  3  0  4  2
20070221 0+1-0 0 0 0 0 0  1   2  3  0  0  0  0  0  0  1
20070222 0 0 0 0 1-1+1-2- 4+  0  0  0  0  3  5  3  6  2
20070223 2-1-0 0 0+1-1 1- 5   6  3  0  0  2  3  4  3  3
20070224 2 0 0+0+0+0 0+0+ 4-  7  0  2  2  2  0  2  2  2
20070225 1+1-0+0 1-1-2-1- 6   5  3  2  0  3  3  6  3  3
20070226 3 3+2-2-0 0 0 0 10- 15 18  6  6  0  0  0  0  6
20070227 0 0+3 2 1+3 4-4 17+  0  2 15  7  5 15 22 27 12
20070228 4-4+4+4-3-3 3 4 29- 22 32 32 22 12 15 15 27 22
20070301 4+3-3-2 3-2+1-1-18  32 12 12  7 12  9  3  3 11
20070302 0 1+2 1 1 1-1+1+ 9-  0  5  7  4  4  3  5  5  4
20070303 0 0 0+0 1-1-0+1- 3-  0  0  2  0  3  3  2  3  2
20070304 0 0+1 1 1 0+1+2  7   0  2  4  4  4  2  5  7  4
20070305 3 1-1-3 2 2-4-2+17  15  3  3 15  7  6 22  9 10
20070306 4-5-2+4-4-2-1 3+24  22 39  9 22 22  6  4 18 18
20070307 4-3+3+3+3 3+3-3-25+ 22 18 18 18 15 18 12 12 17
20070308 3-2 1-1-0+0+1 0+ 8  12  7  3  3  2  2  4  2  4
20070309 0 0+0 0 1-1-1 1  4-  0  2  0  0  3  3  4  4  2
20070310 2-1 1 1 1-1 2 1  9+  6  4  4  4  3  4  7  4  4
20070311 1-0+1 3-2+2+3-2+14+  3  2  4 12  9  9 12  9  8
20070312 1+2+1 3-4-3-3 3 20-  5  9  4 12 22 12 15 15 12
20070313 5 4 4 4 3+3+3 3 30- 48 27 27 27 18 18 15 15 24
20070314 3+3+2 3-3 2+2+1 20  18 18  7 12 15  9  9  4 12
20070315 1+2+3-2 2 2 3-3+18+  5  9 12  7  7  7 12 18 10
20070316 4 4-1 1 2+1 2-4-18+ 27 22  4  4  9  4  6 22 12
20070317 3 3-2-2-2-2-1+0 14- 15 12  6  6  6  6  5  0  7
20070318 1-0+1-1-1+1+1-1- 6+  3  2  3  3  5  5  3  3  3
20070319 0 1-0+1 0+0+0+1- 4-  0  3  2  4  2  2  2  3  2
20070320 0 0 0 0 0+0+0+0+ 1+  0  0  0  0  2  2  2  2  1
20070321 0 0 1-0+1-0+0 0  2   0  0  3  2  3  2  0  0  1
20070322 1 1 0+1-0+1+1-0+ 6-  4  4  2  3  2  5  3  2  3
20070323 0+1+1+2+3-3+2+3+17   2  5  5  9 12 18  9 18 10
20070324 4 5-4-4-4-2-1+1+24  27 39 22 22 22  6  5  5 18
20070325 2+1+2 4+3+1+1 1+17   9  5  7 32 18  5  4  5 11
20070326 1 2-1+2-2 4+3 2+17+  4  6  5  6  7 32 15  9 10
20070327 2 3-3-3+1+2 3+2-19   7 12 12 18  5  7 18  6 11
20070328 3 3 2 1+1-1 1 0+12+ 15 15  7  5  3  4  4  2  7
20070329 1 1-0 0+0+0+1-1+ 5-  4  3  0  2  2  2  3  5  3
20070330 3-2-1+2-1+0+0 0  9  12  6  5  6  5  2  0  0  4
20070331 0 0+1 1-1+1-1-2  7-  0  2  4  3  5  3  3  7  3
20070401 5 4+4+4-4 3+4-4+33- 48 32 32 22 27 18 22 32 29
20070402 4 5 4 3+3 2+3+3+28+ 27 48 27 18 15  9 18 18 22
20070403 3 3+2+2-2-4-2+2-20- 15 18  9  6  6 22  9  6 11
20070404 3+3+2-2-2-1+2-2 17- 18 18  6  6  6  5  6  7  9
20070405 1+1+1+0+1-1-0+1  7   5  5  5  2  3  3  2  4  4
20070406 1+2-1 1-0+0+1 1  7+  5  6  4  3  2  2  4  4  4
20070407 3-1 0 0 1-0+0 0+ 5  12  4  0  0  3  2  0  2  3
20070408 0 0 1-1-1-1-0+2  5   0  0  3  3  3  3  2  7  3
20070409 4-3+3 2+1+1-1-1 16  22 18 15  9  5  3  3  4 10
20070410 2 0+0 2-3-3-2 2+14-  7  2  0  6 12 12  7  9  7
20070411 2+2 1-1-0+0+0+0+ 7   9  7  3  3  2  2  2  2  4
20070412 2+2+2-3-4-2+2-1-17+  9  9  6 12 22  9  6  3 10
20070413 1-0 0+0+0+0 0 0  2-  3  0  2  2  2  0  0  0  1
20070414 0 1 1-0 1+2-1-2+ 8-  0  4  3  0  5  6  3  9  4
20070415 2 2 1+1+1 1 0+0  9   7  7  5  5  4  4  2  0  4
20070416 0 0 0 0 0+0 0 0  0+  0  0  0  0  2  0  0  0  0
20070417 0 1 2-2 3+3-3-3-16   0  4  6  7 18 12 12 12  9
20070418 3 3+1 1+1 1+2+3-16  15 18  4  5  4  5  9 12  9
20070419 3-2 1+1 1 0+1-1 10  12  7  5  4  4  2  3  4  5
20070420 1+1+1-0 0+0+0 1+ 5+  5  5  3  0  2  2  0  5  3
20070421 0+1 0 0 0 0+0+1- 3-  2  4  0  0  0  2  2  3  2
20070422 2+2+1+2 2 3-3-3-18   9  9  5  7  7 12 12 12  9
20070423 4 5 4+1+1-1+0+0+17+ 27 48 32  5  3  5  2  2 16
20070424 1+1-1-1-1-1 2-1+ 8   5  3  3  3  3  4  6  5  4
20070425 2 2-1-1-2+2 1-0+10+  7  6  3  3  9  7  3  2  5
20070426 3-1-1-1 1+2+2 2-12+ 12  3  3  4  5  9  7  6  6
20070427 2 1+1-3-2 4-4 5 21+  7  5  3 12  7 22 27 48 16
20070428 5-4-4 4+4 4-4-4+32+ 39 22 27 32 27 22 22 32 28
20070429 4 4 5-3+3-2+3 3+27+ 27 27 39 18 12  9 15 18 21
20070430 4+4 4 2 2 2+1+1 21  32 27 27  7  7  9  5  4 15
20070501 2+3-2+1-1 2-1+2-14-  9 12  9  3  4  6  5  6  7
20070502 1 1 0 0+0+1-0 0+ 4-  4  4  0  2  2  3  0  2  2
20070503 1-0+1+1-1 2-1+1- 8-  3  2  5  3  4  6  5  3  4
20070504 1 0+0 1 1-0+1 0  4+  4  2  0  4  3  2  4  0  2
20070505 1-1-1-0+0 0 0 1- 3   3  3  3  2  0  0  0  3  2
20070506 0+0 0 0 0 0+0+1- 2-  2  0  0  0  0  2  2  3  1
20070507 1-1 3 2+3 5 3 3+21+  3  4 15  9 15 48 15 18 16
20070508 2+4 3+2+3 2+3-2+22+  9 27 18  9 15  9 12  9 14
20070509 1+1+2-1+1+1+1 1 10+  5  5  6  5  5  5  4  4  5
20070510 1-0 0 0+0+1 2+1  6-  3  0  0  2  2  4  9  4  3
20070511 0+0+0 0+1 1-1 1- 4+  2  2  0  2  4  3  4  3  2
20070512 1-1 0+1 0+0+0 0+ 4   3  4  2  4  2  2  0  2  2
20070513 0+1+1-1-0+0+0 0  4-  2  5  3  3  2  2  0  0  2
20070514 0+0+0+1 0+1-1+0+ 5-  2  2  2  4  2  3  5  2  3
20070515 1 1-1 1+1+1-1+1+ 9-  4  3  4  5  5  3  5  5  4
20070516 0+1 1-1-1-0+1-1+ 6-  2  4  3  3  3  2  3  5  3
20070517 1 1 1-1-1 0+2-3- 9   4  4  3  3  4  2  6 12  5
20070518 2+2-4-4 4+3 2+3-24   9  6 22 27 32 15  9 12 16
20070519 2 2+3 3-3-3-3+2+21   7  9 15 12 12 12 18  9 12
20070520 3-2-1+1+1 1 1+2+13- 12  6  5  5  4  4  5  9  6
20070521 2+1 0 0+0+1 2-3 10-  9  4  0  2  2  4  6 15  5
20070522 1 1 1+1+3 3 4+4 19   4  4  5  5 15 15 32 27 13
20070523 4+3 5-5+4 2+5 5 34- 32 15 39 56 27  9 48 48 34
20070524 6-3+3+2+4 4 5-5-32  67 18 18  9 27 27 39 39 30
20070525 2-2+3 3 3-3+4 2+22+  6  9 15 15 12 18 27  9 14
20070526 3 4-2+3 3 3 2+2 22+ 15 22  9 15 15 15  9  7 13
20070527 2+2 3-3 2+3 2+2-19+  9  7 12 15  9 15  9  6 10
20070528 2+2-1 1 1 0 0+1- 8   9  6  4  4  4  0  2  3  4
20070529 0+1 1 1-1 2-1 1  8-  2  4  4  3  4  6  4  4  4
20070530 1+1 1-1-1-1-0+0+ 6-  5  4  3  3  3  3  2  2  3
20070531 1-0+0+0+0+1-1+2  6   3  2  2  2  2  3  5  7  3
20070601 2 2-1-2-1-2-2+2+13   7  6  3  6  3  6  9  9  6
20070602 2 2 2 1+1-2-1 2-12+  7  7  7  5  3  6  4  6  6
20070603 2-2-1 1 2-3+4 3-17   6  6  4  4  6 18 27 12 10
20070604 3-2 1 1+2 3-3-1-15  12  7  4  5  7 12 12  3  8
20070605 0+0+0+0+1-1-0+1- 4-  2  2  2  2  3  3  2  3  2
20070606 0 0+0+0+1-1 0+0+ 3+  0  2  2  2  3  4  2  2  2
20070607 1-0+0+0+1-1-1-1- 4+  3  2  2  2  3  3  3  3  3
20070608 3-2 2-1-2 2 2-2+15  12  7  6  3  7  7  6  9  7
20070609 1 1+2 2-2 1+1+2 13-  4  5  7  6  7  5  5  7  6
20070610 3 2-3-2-1 1-1+1-13- 15  6 12  6  4  3  5  3  7
20070611 1 0 0+0+0+1 1-1  5-  4  0  2  2  2  4  3  4  3
20070612 0+1-0+0+0+0+1-1- 4-  2  3  2  2  2  2  3  3  2
20070613 1-0+1-1 1 2 3+2 11   3  2  3  4  4  7 18  7  6
20070614 3 3 2+4+3-4-3+4-26  15 15  9 32 12 22 18 22 18
20070615 2+3-2+2-2-1+0+1+14-  9 12  9  6  6  5  2  5  7
20070616 2+2 1-1-2+2-1+1-12-  9  7  3  3  9  6  5  3  6
20070617 2-1+2-2-2+1+1+1-12   6  5  6  6  9  5  5  3  6
20070618 1 1-1 1+1-2-2 1+10-  4  3  4  5  3  6  7  5  5
20070619 2+1+1+1 1+2-1-0+10   9  5  5  4  5  6  3  2  5
20070620 1 1 1+1 1-1 0+1- 7   4  4  5  4  3  4  2  3  4
20070621 1-2 2-3+3+3+3 4 21+  3  7  6 18 18 18 15 27 14
20070622 3+2+3-3+2 2 3-3+22- 18  9 12 18  7  7 12 18 13
20070623 3 3-3-1+1 1 1+2-15- 15 12 12  5  4  4  5  6  8
20070624 2+1+1 2-2-1 2 1 12   9  5  4  6  6  4  7  4  6
20070625 1+0+0 0+1 1 0+1  5+  5  2  0  2  4  4  2  4  3
20070626 0 0+0+1+1+0+1-1- 5   0  2  2  5  5  2  3  3  3
20070627 2 2-1+0+0+1 1-1+ 9-  7  6  5  2  2  4  3  5  4
20070628 1+1-1-1-2-1 1-2  9-  5  3  3  3  6  4  3  7  4
20070629 1 1 1+1 2-2 4 3 15   4  4  5  4  6  7 27 15  9
20070630 2 2-1+1-1-1-1-1- 8+  7  6  5  3  3  3  3  3  4
20070701 1-1 1 1+1 1 1-1+ 8   3  4  4  5  4  4  3  5  4
20070702 0+1-1 1 1-1-0 0+ 5-  2  3  4  4  3  3  0  2  3
20070703 0+1 1-1+2-3-2-4-13   2  4  3  5  6 12  6 22  8
20070704 3 3+3 4+3 3-3-1 23  15 18 15 32 15 12 12  4 15
20070705 1+1+2-1+1+1-1 2-10+  5  5  6  5  5  3  4  6  5
20070706 1 1 1 1 1+2-2-1 10-  4  4  4  4  5  6  6  4  5
20070707 2-2-1+0+1-1 1+2 10   6  6  5  2  3  4  5  7  5
20070708 2-2-1 1-1-0+1-0+ 7   6  6  4  3  3  2  3  2  4
20070709 0+0+0+0+0+0+0+0  2+  2  2  2  2  2  2  2  0  2
20070710 0 0+1 0+1-0+1+3+ 7+  0  2  4  2  3  2  5 18  4
20070711 4-4 5-5 2+3 2-1+26- 22 27 39 48  9 15  6  5 21
20070712 2-2-2+0+1 1-1 1+10   6  6  9  2  4  3  4  5  5
20070713 0+1-0+0+0+1-1+3- 7-  2  3  2  2  2  3  5 12  4
20070714 2-1 1+3 3+4+5+3+23+  6  4  5 15 18 32 56 18 19
20070715 4+4-3 2-1+1+1+2-18+ 32 22 15  6  5  5  5  6 12
20070716 1 1+1+1 1-1-1 0+ 7+  4  5  5  4  3  3  4  2  4
20070717 1+1-1-1 1-1-1-0+ 6   5  3  3  4  3  3  3  2  3
20070718 1-1-1-0+0+0+0+0+ 4-  3  3  3  2  2  2  2  2  2
20070719 0 0 0+0+1-1-0+1- 3   0  0  2  2  3  3  2  3  2
20070720 0+1+3 4 4 2+2-3+20   2  5 15 27 27  9  6 18 14
20070721 2 4-2+1+3-1+3 1+18-  7 22  9  5 12  5 15  5 10
20070722 1-1 1 1-0+1-0+0  5-  3  4  4  3  2  3  2  0  3
20070723 0+1-1-1 1-0+1-1+ 6-  2  3  3  4  3  2  3  5  3
20070724 0 0+0+1-1 1-0+1- 4   0  2  2  3  4  3  2  3  2
20070725 0+0+0 0+1-1-0+0  3-  2  2  0  2  3  3  2  0  2
20070726 0 0+0+1-1+4-4-3 13   0  2  2  3  5 22 22 15  9
20070727 3-3 2-1+2+1+0+0+13  12 15  6  5  9  5  2  2  7
20070728 1 1-1 0+0+1-1-2  7-  4  3  4  2  2  3  3  7  4
20070729 3+4-2 3-3-2 3-4-23- 18 22  7 12 12  7 12 22 14
20070730 3 3 3 1+1+2+2 1 17  15 15 15  5  5  9  7  4  9
20070731 1-1-2 1+2-1 1 2-10   3  3  7  5  6  4  4  6  5
20070801 4-3-3+3 3-3-3 3 24  22 12 18 15 12 12 15 15 15
20070802 1 1 2 1 2 2 1+0+11-  4  4  7  4  7  7  5  2  5
20070803 1 1+1 0+1+1 0+1  7+  4  5  4  2  5  4  2  4  4
20070804 0+0+0+0+0+0 0 1- 2+  2  2  2  2  2  0  0  3  2
20070805 0 0 0 0+0+0+1 1  3   0  0  0  2  2  2  4  4  2
20070806 1-0+2-2-2-3-4 6-18+  3  2  6  6  6 12 27 67 16
20070807 5 3+4 2+3 3+4-3+28  48 18 27  9 15 18 22 18 22
20070808 2 3-2 1-1 1-1-1 11-  7 12  7  3  4  3  3  4  5
20070809 1 0+1 1+0+1-1 1- 6+  4  2  4  5  2  3  4  3  3
20070810 0+0+1+2+4+4+4-3 20-  2  2  5  9 32 32 22 15 15
20070811 2+2 2+2-2 2+3+2+18+  9  7  9  6  7  9 18  9  9
20070812 2-1+1+2 1 1 1-0+ 9+  6  5  5  7  4  4  3  2  4
20070813 1 1-0 0+0+0+0+1- 4-  4  3  0  2  2  2  2  3  2
20070814 1 0+1-0+1-1-1-2+ 7-  4  2  3  2  3  3  3  9  4
20070815 3-3-1+1+2 2+2 2-16  12 12  5  5  7  9  7  6  8
20070816 2 1 2-2 1-1-1+1-10   7  4  6  7  3  3  5  3  5
20070817 2 1-0 0+1-1-1 1+ 7-  7  3  0  2  3  3  4  5  3
20070818 2-0+0 0+0 0 1-0+ 3+  6  2  0  2  0  0  3  2  2
20070819 0 0 0+1 3-2-0+0+ 6+  0  0  2  4 12  6  2  2  4
20070820 1-0+0+0+0+0+1-1  4   3  2  2  2  2  2  3  4  2
20070821 2 1-0+1 1+1 0+1- 7+  7  3  2  4  5  4  2  3  4
20070822 0 0+0+1 2-1+1 0  6-  0  2  2  4  6  5  4  0  3
20070823 0 0+0+1-1-0 0+0  2+  0  2  2  3  3  0  2  0  2
20070824 0 1-0+0+0 0+0+0  2   0  3  2  2  0  2  2  0  1
20070825 2+1-1-2 3 2-2+1+14   9  3  3  7 15  6  9  5  7
20070826 2-1+2-1+3-3-4 3 18+  6  5  6  5 12 12 27 15 11
20070827 3 2+4-2 2 2 4 3 22  15  9 22  7  7  7 27 15 14
20070828 3 2+2 4-2 1 2 2-18- 15  9  7 22  7  4  7  6 10
20070829 2 1-1-0+1 1 2-2- 9   7  3  3  2  4  4  6  6  4
20070830 2-2 1 1-1-0+1-1+ 8+  6  7  4  3  3  2  3  5  4
20070831 2-1 1 1+1-1+3-2+12   6  4  4  5  3  5 12  9  6
20070901 2 1+2+2+2+2+3-4-19   7  5  9  9  9  9 12 22 10
20070902 5-5-3 4-4 3-4 2+29  39 39 15 22 27 12 27  9 24
20070903 2+3-2 3-3-2+1+3-19-  9 12  7 12 12  9  5 12 10
20070904 2 2-2-2-1 1-1 2-11+  7  6  6  6  4  3  4  6  5
20070905 3-3 3+2+2+1+2+2 19+ 12 15 18  9  9  5  9  7 10
20070906 3 2+1 2 1+3-3-4 19  15  9  4  7  5 12 12 27 11
20070907 4+4-1+1+2-3-2-1 18- 32 22  5  5  6 12  6  4 12
20070908 2 2-2 2-1+2 2-1-13   7  6  7  6  5  7  6  3  6
20070909 0 0 0+1-1-1-0 1- 3   0  0  2  3  3  3  0  3  2
20070910 1-0+1-1-0+0+0+0+ 4-  3  2  3  3  2  2  2  2  2
20070911 0 0 1-1-1-1-1-1- 4   0  0  3  3  3  3  3  3  2
20070912 1 1 1-1-0+0 0 0+ 4   4  4  3  3  2  0  0  2  2
20070913 0 0 0 0+0 0 1 1- 2   0  0  0  2  0  0  4  3  1
20070914 1 0 0 1-1-2+2+2  9   4  0  0  3  3  9  9  7  4
20070915 2 0+0+1-1 1+1 2- 8+  7  2  2  3  4  5  4  6  4
20070916 1+1 0 0+0+1-1 0  5-  5  4  0  2  2  3  4  0  2
20070917 0 0 0 0+1-0+1 2  4+  0  0  0  2  3  2  4  7  2
20070918 3 1+0 0+1-0+0 0  6- 15  5  0  2  3  2  0  0  3
20070919 0+2-1+1 1+1-0+0  7-  2  6  5  4  5  3  2  0  3
20070920 0 1 0+2-3-3 4 3+16   0  4  2  6 12 15 27 18 10
20070921 3-2-2-1+2 2 2+4-17+ 12  6  6  5  7  7  9 22  9
20070922 3 3-3-2-2+3-4-3-21+ 15 12 12  6  9 12 22 12 12
20070923 3+4+4 3-2 1 2 3+23- 18 32 27 12  7  4  7 18 16
20070924 3+4-2+1+2+2+2-2 19  18 22  9  5  9  9  6  7 11
20070925 3-2-1+1 1-1+3-3-14  12  6  5  4  3  5 12 12  7
20070926 2 1+1-1 0+0 1 0+ 7-  7  5  3  4  2  0  4  2  3
20070927 1-0 0 3-2-5 5-4+19   3  0  0 12  6 48 39 32 18
20070928 4 4-5-2 1+3-4+5 28- 27 22 39  7  5 12 32 48 24
20070929 5-5 5 4 4 3-4-3+32+ 39 48 48 27 27 12 22 18 30
20070930 3+3+4-2 2-2-3-2+21- 18 18 22  7  6  6 12  9 12
20071001 3-2+2-2 2-2 1+2-15+ 12  9  6  7  6  7  5  6  7
20071002 2 2-2-1 0 0 1+3 11-  7  6  6  4  0  0  5 15  5
20071003 3+4-3+2+4 2+3-3+25  18 22 18  9 27  9 12 18 17
20071004 4-3 2 3-2 3-2+0+19- 22 15  7 12  7 12  9  2 11
20071005 2 3 2 1 2-1-2-0+12+  7 15  7  4  6  3  6  2  6
20071006 1-0+1 1+1 1-1+1+ 8-  3  2  4  5  4  3  5  5  4
20071007 1 0 1-0+1 0 0 0  3   4  0  3  2  4  0  0  0  2
20071008 0 0 0 0 0 0 0+1- 1   0  0  0  0  0  0  2  3  1
20071009 0+0+0+0 0 0 0+0  1+  2  2  2  0  0  0  2  0  1
20071010 0 1 1-0 0 0 0 0  2-  0  4  3  0  0  0  0  0  1
20071011 0 0 0 0 0 0 0+1- 1   0  0  0  0  0  0  2  3  1
20071012 0 1-1 1 1-1+2-2+ 9-  0  3  4  4  3  5  6  9  4
20071013 0 0 0+1-1 0+1-1+ 4+  0  0  2  3  4  2  3  5  2
20071014 2-2-2 2-1 1+0+1-10+  6  6  7  6  4  5  2  3  5
20071015 2-0+0+0+1-0+0+0  4   6  2  2  2  3  2  2  0  2
20071016 0 0+0+1-1+1+0+0  4+  0  2  2  3  5  5  2  0  2
20071017 1-0 0 0+0 0 0 0  1   3  0  0  2  0  0  0  0  1
20071018 1 3 3-4-2 2-3 3-20-  4 15 12 22  7  6 15 12 12
20071019 3 3-2+3-4-3+3+3+24+ 15 12  9 12 22 18 18 18 16
20071020 4 4-3 2+1 2+3-1-20- 27 22 15  9  4  9 12  3 13
20071021 1-1+1+1 1 1-2-2 10-  3  5  5  4  4  3  6  7  5
20071022 1+2-0+0+1-2-3 3-12-  5  6  2  2  3  6 15 12  6
20071023 3+3-1+1+2-1 2 0+14- 18 12  5  5  6  4  7  2  7
20071024 1-0+0+1-1 1+1-0+ 5+  3  2  2  3  4  5  3  2  3
20071025 0+1 1-3 4-4+5-4-21+  2  4  3 15 22 32 39 22 17
20071026 3-3-2 2+3+4-4-2 22+ 12 12  7  9 18 22 22  7 14
20071027 2+3+2 4-3-3+2-3-22-  9 18  7 22 12 18  6 12 13
20071028 2+2+1 2 2-3 1+1-14+  9  9  4  7  6 15  5  3  7
20071029 2 1-1 1 2-2+5-4+18-  7  3  4  4  6  9 39 32 13
20071030 4 3 2 1 1+3-1-1 16- 27 15  7  4  5 12  3  4 10
20071031 1+1-2-1 1 1 2-1- 9   5  3  6  4  4  4  6  3  4
20071101 3-1-1+1 0+1 1 1- 9- 12  3  5  4  2  4  4  3  5
20071102 0+1+1 1 0 0 0+0+ 4+  2  5  4  4  0  0  2  2  2
20071103 1-0+0+1-1 0 0 0  3   3  2  2  3  4  0  0  0  2
20071104 1 0 0+0+1 2+2-2  9-  4  0  2  2  4  9  6  7  4
20071105 1-1+1 1 0 0 0 1- 5-  3  5  4  4  0  0  0  3  2
20071106 0 0 0 0 1-0 0 0  1-  0  0  0  0  3  0  0  0  0
20071107 0 0 0 0 0 0 0 0+ 0+  0  0  0  0  0  0  0  2  0
20071108 1 1+1 0 0+1-1+1+ 7   4  5  4  0  2  3  5  5  4
20071109 1+1-0+1-2-1+0+2  8+  5  3  2  3  6  5  2  7  4
20071110 2 0+1 1+1+1+0+0  8-  7  2  4  5  5  5  2  0  4
20071111 1 0+1-0+1-0 0+1  4+  4  2  3  2  3  0  2  4  2
20071112 0+0 0 0+0+1+2-2- 6-  2  0  0  2  2  5  6  6  3
20071113 3 3 2 2 3-1+2 3 19  15 15  7  7 12  5  7 15 10
20071114 3 3-2 2+3-3 1+2-19- 15 12  7  9 12 15  5  6 10
20071115 2 2-1-1-2 2 2+3-14   7  6  3  3  7  7  9 12  7
20071116 1+1-2-2 2 2-2+3+15   5  3  6  7  7  6  9 18  8
20071117 3+2+2+1-1 2-1+0+13  18  9  9  3  4  6  5  2  7
20071118 1 2-0 0+0+1 0 0  4+  4  6  0  2  2  4  0  0  2
20071119 1-0 0 0 0 0 2 3- 5+  3  0  0  0  0  0  7 12  3
20071120 3-2 3-4+5+4+3+4-28+ 12  7 12 32 56 32 18 22 24
20071121 3+4 4-4 3 2+2-1+23+ 18 27 22 27 15  9  6  5 16
20071122 1-3-1+1+1+4-4-4-18+  3 12  5  5  5 22 22 22 12
20071123 4 3+3 2 3 2 3-2 22  27 18 15  7 15  7 12  7 14
20071124 3-2 2+2 3-4 4-3-22  12  7  9  7 12 27 22 12 14
20071125 3 3 3+2+3-3+3-3+24- 15 15 18  9 12 18 12 18 15
20071126 3 3 2+3-1 1 2-2-16+ 15 15  9 12  4  4  6  6  9
20071127 1 3-1+1 1-1+1+1+11-  4 12  5  4  3  5  5  5  5
20071128 2 0+1-1-1+2+1-1  9   7  2  3  3  5  9  3  4  4
20071129 0 0+0+1-1 2 1+0+ 6   0  2  2  3  4  7  5  2  3
20071130 0 0 1-1-1-1-1+1  5   0  0  3  3  3  3  5  4  3
20071201 3 0+1-1 0 0 0 0+ 5+ 15  2  3  4  0  0  0  2  3
20071202 0 1 1-1-0 0 0+1- 3+  0  4  3  3  0  0  2  3  2
20071203 0 0+0 0 0+0 0+0  1   0  2  0  0  2  0  2  0  1
20071204 0+0 0 0+0+0 0+0+ 2-  2  0  0  2  2  0  2  2  1
20071205 2 0+1 0+0+1-0 0  5-  7  2  4  2  2  3  0  0  2
20071206 0 1+1-0+1+0+1-1- 5+  0  5  3  2  5  2  3  3  3
20071207 1-1 0 0 0 0 0+0  2   3  4  0  0  0  0  2  0  1
20071208 0 0 0 0 0 0 0 1- 1-  0  0  0  0  0  0  0  3  0
20071209 1 1-0 0 1-1+2 1  7-  4  3  0  0  3  5  7  4  3
20071210 0 2-1+2-2 2 2 4+15   0  6  5  6  7  7  7 32  9
20071211 3+3 3-3-3 3+4-3+25  18 15 12 12 15 18 22 18 16
20071212 3-3 3+3 1+1-1 3-18- 12 15 18 15  5  3  4 12 10
20071213 2+3-1 1 1 1 2 0 11   9 12  4  4  4  4  7  0  6
20071214 1-2-1-2 1-1 1+0+ 8+  3  6  3  7  3  4  5  2  4
20071215 0+0+0+1 0+1 0+0+ 4   2  2  2  4  2  4  2  2  2
20071216 1-1-0+0 0 1-0+2+ 5   3  3  2  0  0  3  2  9  3
20071217 2+3-4-4 4 4-2+3+26   9 12 22 27 27 22  9 18 18
20071218 4-4-4-4-4-3+3+4 29  22 22 22 22 22 18 18 27 22
20071219 3-3+2+2+2+2-2+2+19+ 12 18  9  9  9  6  9  9 10
20071220 3 3 2+2 3-4 3+3-23  15 15  9  7 12 27 18 12 14
20071221 3+3+3 2 3-3+3 1+22  18 18 15  7 12 18 15  5 14
20071222 2-2+1+1+2+2+3+2+17   6  9  5  5  9  9 18  9  9
20071223 2+2+2+2 2 2 1-2+16   9  9  9  7  7  7  3  9  8
20071224 0+1 1 1-0+0+1 1+ 6   2  4  4  3  2  2  4  5  3
20071225 0+0 1-0 1-0+0 0  2   2  0  3  0  3  2  0  0  1
20071226 1-0 0+0+1-1-0 1- 3+  3  0  2  2  3  3  0  3  2
20071227 1-2-1+1 1 1-2-2 10   3  6  5  4  4  3  6  7  5
20071228 3 2+0+0+0+0+1-0  7+ 15  9  2  2  2  2  3  0  4
20071229 0 0 0 1-0+0 0+1+ 3-  0  0  0  3  2  0  2  5  2
20071230 2-2-0+1 1 1+1-0+ 8   6  6  2  4  4  5  3  2  4
20071231 0+1-1-1 1+1+3-2 10   2  3  3  4  5  5 12  7  5

