YYYYMMDD Kp[8]           Sum ap[8]                   Ap
20090101 2-2+3-2 2+2-1-2-15   6  9 12  7  9  6  3  6  7
20090102 1-1-0 0+1-2 2-3- 9-  3  3  0  2  3  7  6 12  4
20090103 3-3 3-4-2 2+1-2 19  12 15 12 22  7  9  3  7 11
20090104 2+1-1-1 1-2+2-0+10-  9  3  3  4  3  9  6  2  5
20090105 1 1+1 1 1 2-1 2 10   4  5  4  4  4  6  4  7  5
20090106 2 2-0+1 1 1+0 0  7+  7  6  2  4  4  5  0  0  4
20090107 0+1-1 0+0+1-0 1- 4   2  3  4  2  2  3  0  3  2
20090108 0 0 0+1-2 1+1-1+ 6+  0  0  2  3  7  5  3  5  3
20090109 2-1+1 1-2 2-2-1 11   6  5  4  3  7  6  6  4  5
20090110 3 2+1 1 0+0 0+1  9  15  9  4  4  2  0  2  4  5
20090111 1 0 0 1-0 0 0 0  2-  4  0  0  3  0  0  0  0  1
20090112 0 0 0 0 0 0 0+0  0+  0  0  0  0  0  0  2  0  0
20090113 1 2 2-0 1 1 1+1  9   4  7  6  0  4  4  5  4  4
20090114 2+2 1 2-2+1-1+1+13-  9  7  4  6  9  3  5  5  6
20090115 1+2 1 1+1-2 2+2+13   5  7  4  5  3  7  9  9  6
20090116 2 2 0 1-1-1+1 0  8-  7  7  0  3  3  5  4  0  4
20090117 0+1-1 0+0+1+1 0+ 5+  2  3  4  2  2  5  4  2  3
20090118 0+0 0+1-0+1-1 1  4+  2  0  2  3  2  3  4  4  2
20090119 4 2+2+1-1 2-2-2+16  27  9  9  3  4  6  6  9  9
20090120 2 1-1-0+0+0 2 1+ 7+  7  3  3  2  2  0  7  5  4
20090121 0 0 0 1 1-2 2 1  7-  0  0  0  4  3  7  7  4  3
20090122 0 1-0+0+0+0+0+0  2+  0  3  2  2  2  2  2  0  2
20090123 0 0 0+0+1-0 0 1- 2   0  0  2  2  3  0  0  3  1
20090124 1 1 0 0 0 0+0 0+ 3-  4  4  0  0  0  2  0  2  2
20090125 1-0 0 0 1-0+0+2- 4-  3  0  0  0  3  2  2  6  2
20090126 3+2+3-2 3 3+2-0+19- 18  9 12  7 15 18  6  2 11
20090127 0+1 0+0+0+2-2 2- 8-  2  4  2  2  2  6  7  6  4
20090128 0 0 0 1 1-1-0+1- 3+  0  0  0  4  3  3  2  3  2
20090129 0 2 2+1+1+0+0+0  8-  0  7  9  5  5  2  2  0  4
20090130 0+1+0+1 0+0+1+2  7   2  5  2  4  2  2  5  7  4
20090131 1+1 2+2-3-1+2 2 14+  5  4  9  6 12  5  7  7  7
20090201 1-2+1 1-0+0+0+0+ 6   3  9  4  3  2  2  2  2  3
20090202 0+0 0 0+0+0+0 0  1+  2  0  0  2  2  2  0  0  1
20090203 0 0 0+0 0 0 2 4- 6   0  0  2  0  0  0  7 22  4
20090204 4-1 2-3+3 3+3 3-22- 22  4  6 18 15 18 15 12 14
20090205 4-2 1 1 1+1-0+2-12- 22  7  4  4  5  3  2  6  7
20090206 2 0+0 0 0 0 0 0+ 3-  7  2  0  0  0  0  0  2  1
20090207 0+2 0+0 0+0+0 0  3+  2  7  2  0  2  2  0  0  2
20090208 0 0 0+0 0 0 0 0+ 1-  0  0  2  0  0  0  0  2  0
20090209 2-0+0 0 0 0+0 1  3+  6  2  0  0  0  2  0  4  2
20090210 0+0+0 0+0+0+0+1- 3-  2  2  0  2  2  2  2  3  2
20090211 2-0+1 1-1-0+1 1- 6+  6  2  4  3  3  2  4  3  3
20090212 1-1-0 1-1 2-1-0  5+  3  3  0  3  4  6  3  0  3
20090213 0+0 0 0 1-1 1+1- 4   2  0  0  0  3  4  5  3  2
20090214 2-2+4-4-4+3+1+4-24   6  9 22 22 32 18  5 22 17
20090215 3-4-2-2 3 2 2 2 19  12 22  6  7 15  7  7  7 10
20090216 2 0+0 1-1-2-1 1  7+  7  2  0  3  3  6  4  4  4
20090217 0 0 0 0 0 0 0+1  1+  0  0  0  0  0  0  2  4  1
20090218 2 0+0 0 0+0+1 2  6   7  2  0  0  2  2  4  7  3
20090219 0 0 0 0 0 1+0+1- 2+  0  0  0  0  0  5  2  3  1
20090220 1 1 1-0+1-1 2 2+ 9   4  4  3  2  3  4  7  9  4
20090221 0+0+0 1+1 1-1-1  5+  2  2  0  5  4  3  3  4  3
20090222 0+0+1+2 1+0+1-1+ 8-  2  2  5  7  5  2  3  5  4
20090223 0+0 0 1-2 3 2 2+10+  2  0  0  3  7 15  7  9  5
20090224 3 3+2+1+1 1-0+1 13  15 18  9  5  4  3  2  4  8
20090225 2-1+1-1 1-0+1-0+ 7-  6  5  3  4  3  2  3  2  4
20090226 1-1 0 0+1-1-1-1  5   3  4  0  2  3  3  3  4  3
20090227 2-2-2 4 3+2 2 2 19-  6  6  7 27 18  7  7  7 11
20090228 3-3-2 0+0 0 1 1+10  12 12  7  2  0  0  4  5  5
20090301 2 1 1-0+1-0+0 0  5   7  4  3  2  3  2  0  0  3
20090302 0 0 0 0+0+0 0+0  1   0  0  0  2  2  0  2  0  1
20090303 1 1-2-2+2 2+3-2+15   4  3  6  9  7  9 12  9  7
20090304 2 3-1+1+2-1 2 3-15-  7 12  5  5  6  4  7 12  7
20090305 2-3-0+0+0 0+0+1- 6+  6 12  2  2  0  2  2  3  4
20090306 1+1-1-0+0 0 0 1- 4-  5  3  3  2  0  0  0  3  2
20090307 0+0+0+0 0 0+0+0+ 2   2  2  2  0  0  2  2  2  2
20090308 2 1 3 3-3 3-1-0+15+  7  4 15 12 15 12  3  2  9
20090309 0+0 0 1-1-0+0+0  2+  2  0  0  3  3  2  2  0  2
20090310 1-0+0 0+2-2 2-0+ 7   3  2  0  2  6  7  6  2  4
20090311 0+0+1-0+0+1-2+3- 8-  2  2  3  2  2  3  9 12  4
20090312 3 3 1-1+1-1-2-3-14- 15 15  3  5  3  3  6 12  8
20090313 5-4 3+3 3-3-2 2+25- 39 27 18 15 12 12  7  9 17
20090314 3 2 2 2+1 3-2 3 18  15  7  7  9  4 12  7 15 10
20090315 2+3 3-2-2-2-0+2 15+  9 15 12  6  6  6  2  7  8
20090316 2+1-1 2-1-2-2-0+10   9  3  4  6  3  6  6  2  5
20090317 1 1-1-0+1 2-2-1+ 8+  4  3  3  2  4  6  6  5  4
20090318 0+0+0+0+0+0+0+1- 3   2  2  2  2  2  2  2  3  2
20090319 2-1-1-0+2-0+1 1+ 8-  6  3  3  2  6  2  4  5  4
20090320 2-0 0+1-0+2-1+1  7   6  0  2  3  2  6  5  4  4
20090321 0 1-2-3-3 1 2+3 14+  0  3  6 12 15  4  9 15  8
20090322 2-3-1 1-0+0 1 2- 9   6 12  4  3  2  0  4  6  5
20090323 1+0+1-0 0 0 1 1- 4   5  2  3  0  0  0  4  3  2
20090324 1-3-2 2 3-2 1+2-15   3 12  7  7 12  7  5  6  7
20090325 3+4-2 2 1-1-1 2-15  18 22  7  7  3  3  4  6  9
20090326 2 3 3-1 1+1+1 1 13+  7 15 12  4  5  5  4  4  7
20090327 0+0 0 0+1 3-3 2- 9   2  0  0  2  4 12 15  6  5
20090328 1+0 0 1-1-1-2 1+ 7-  5  0  0  3  3  3  7  5  3
20090329 1 1-1 1-1-1+1-1  7   4  3  4  3  3  5  3  4  4
20090330 1+1+0+1 2-1-1+0+ 8   5  5  2  4  6  3  5  2  4
20090331 1 1-1 1-2-1-0+0+ 6+  4  3  4  3  6  3  2  2  3
20090401 1 0 0+1 1-1-1+2  7   4  0  2  4  3  3  5  7  4
20090402 0+0+1-0+1 0+0+0+ 4-  2  2  3  2  4  2  2  2  2
20090403 1-0 0+0 0+1+1-0+ 4-  3  0  2  0  2  5  3  2  2
20090404 0 0 0 0+0+0+0+0+ 2-  0  0  0  2  2  2  2  2  1
20090405 1+2-2-1 1-1+1-0+ 9-  5  6  6  4  3  5  3  2  4
20090406 1-0+0+1+1 1+0+1- 6   3  2  2  5  4  5  2  3  3
20090407 1-1-1 1-0+0+0+0+ 4+  3  3  4  3  2  2  2  2  3
20090408 0+1+1+1+2+1+2 2 12   2  5  5  5  9  5  7  7  6
20090409 3 3+3 2 2-3+2+2+21  15 18 15  7  6 18  9  9 12
20090410 2 1+2 1+2-2 3+1+15   7  5  7  5  6  7 18  5  8
20090411 3+3-2 2 2+3-2-2+19  18 12  7  7  9 12  6  9 10
20090412 2+2+1+1-1-1+2+3-14-  9  9  5  3  3  5  9 12  7
20090413 3-2 1 0+1-0+0+0+ 8- 12  7  4  2  3  2  2  2  4
20090414 1 1-0 1 1-0+0 0+ 4   4  3  0  4  3  2  0  2  2
20090415 2-1+0+0+1+1+1+1- 8+  6  5  2  2  5  5  5  3  4
20090416 1-1 1+1-2-2+1 2 11-  3  4  5  3  6  9  4  7  5
20090417 2-1-1-1+2 1+1-2 10+  6  3  3  5  7  5  3  7  5
20090418 2-3+3-1+2-2-1 2-15   6 18 12  5  6  6  4  6  8
20090419 2-2+2-0+1 0+1 1+10-  6  9  6  2  4  2  4  5  5
20090420 2 2-1 1-1 1+0+0+ 8+  7  6  4  3  4  5  2  2  4
20090421 1 1 2+1+1-0+1 1- 8+  4  4  9  5  3  2  4  3  4
20090422 2-2-0+1+1 0+0+1+ 8   6  6  2  5  4  2  2  5  4
20090423 1-0+0+0+0+1-0+0  3   3  2  2  2  2  3  2  0  2
20090424 2+1+2-1+2+1+2-1 13   9  5  6  5  9  5  6  4  6
20090425 1-1 0+1+1 2-1 2- 9-  3  4  2  5  4  6  4  6  4
20090426 1-1 1-1 1-1-0+1  6   3  4  3  4  3  3  2  4  3
20090427 2+2-0 1-0+0+1-0+ 6+  9  6  0  3  2  2  3  2  3
20090428 0 1-0+0+1-1-1 1- 4+  0  3  2  2  3  3  4  3  2
20090429 0 0+1-1 1 1 1+0+ 6-  0  2  3  4  4  4  5  2  3
20090430 1-1-1-1-1-0+0 0+ 4   3  3  3  3  3  2  0  2  2
20090501 0+0+1 1+1-1-0+1  6-  2  2  4  5  3  3  2  4  3
20090502 1-1 1+1-1+0+1-1+ 7+  3  4  5  3  5  2  3  5  4
20090503 2-0+0+1-1 1+0 1- 6   6  2  2  3  4  5  0  3  3
20090504 0+2-1 1 1-0+0+0  5+  2  6  4  4  3  2  2  0  3
20090505 0 0+1-1-0+1-0 1  4-  0  2  3  3  2  3  0  4  2
20090506 2 1 1-1 2-2-2+3-13   7  4  3  4  6  6  9 12  6
20090507 3-2+1 1 1-1+2-3-13+ 12  9  4  4  3  5  6 12  7
20090508 4 3 3-2-2-1+2+2 19- 27 15 12  6  6  5  9  7 11
20090509 0 1+2-2 2-2-1 1+11-  0  5  6  7  6  6  4  5  5
20090510 1 1 1-1-1 1-1 1+ 7+  4  4  3  3  4  3  4  5  4
20090511 2 1+1-1 1+1-1-0+ 8   7  5  3  4  5  3  3  2  4
20090512 0 0 0 0 0+0+0+1- 2-  0  0  0  0  2  2  2  3  1
20090513 1-0+0+0+0+1+1-0+ 4+  3  2  2  2  2  5  3  2  3
20090514 1-1+1 3 2+2+3 2-15+  3  5  4 15  9  9 15  6  8
20090515 1 1-0 1-0+1-0+0+ 4   4  3  0  3  2  3  2  2  2
20090516 1 1 0+1+1-1 1 1+ 8-  4  4  2  5  3  4  4  5  4
20090517 1-1 0 0 0+0 0 0+ 2+  3  4  0  0  2  0  0  2  1
20090518 1 0+1-0+0+1-0+2  6-  4  2  3  2  2  3  2  7  3
20090519 1 1 1-1-1-1-1-0+ 6-  4  4  3  3  3  3  3  2  3
20090520 1+1 1 1-1-1 3-2-10   5  4  4  3  3  4 12  6  5
20090521 1+1-1+1 1 1-1-1- 7+  5  3  5  4  4  3  3  3  4
20090522 0+1-1+2 2-2 1 1-10-  2  3  5  7  6  7  4  3  5
20090523 0+0 1 1+0+1 1+2  7+  2  0  4  5  2  4  5  7  4
20090524 1+1+1-1 0+1 1-1- 7   5  5  3  4  2  4  3  3  4
20090525 0+0 0+1-0+0+0+0+ 3-  2  0  2  3  2  2  2  2  2
20090526 0+0+1 0+1-1-1-0+ 4+  2  2  4  2  3  3  3  2  3
20090527 0 0+0 0+0+0 0+1- 2   0  2  0  2  2  0  2  3  1
20090528 0 2+2 2+2 1+0+0 10+  0  9  7  9  7  5  2  0  5
20090529 1-1+1-1+1+1+1+1  9   3  5  3  5  5  5  5  4  4
20090530 1 2-0+0+0+0+1 0+ 5+  4  6  2  2  2  2  4  2  3
20090531 0+0+2-0+0+1 1+1- 6   2  2  6  2  2  4  5  3  3
20090601 0+1-1-0 0+0+0+0+ 3   2  3  3  0  2  2  2  2  2
20090602 0+0+0 1-1-1-0+1  4   2  2  0  3  3  3  2  4  2
20090603 1 0+0 1-1-2+2+1+ 9-  4  2  0  3  3  9  9  5  4
20090604 1-2+1+1 1 1-1-2- 9+  3  9  5  4  4  3  3  6  5
20090605 1-1 2-2-1 2-1-1  9+  3  4  6  6  4  6  3  4  4
20090606 1-1 1 0+1 1-1-1- 6   3  4  4  2  4  3  3  3  3
20090607 0+0+1-1+1+2+1+1+ 9   2  2  3  5  5  9  5  5  4
20090608 1 1-1-1-0+1-1-0+ 5   4  3  3  3  2  3  3  2  3
20090609 0 0 0 1-1-1-0+1- 3   0  0  0  3  3  3  2  3  2
20090610 1-1+2-1-1-1-0+0  6   3  5  6  3  3  3  2  0  3
20090611 1-1-0+1 0+0+0+1- 4+  3  3  2  4  2  2  2  3  3
20090612 0+0+0+0+0+0 0 0  2-  2  2  2  2  2  0  0  0  1
20090613 0 0+1+0+1-1 1-1+ 6-  0  2  5  2  3  4  3  5  3
20090614 2-1-0+1-2 1 2-2-10-  6  3  2  3  7  4  6  6  5
20090615 1-2-1-0+1-1-0+0+ 5+  3  6  3  2  3  3  2  2  3
20090616 0 0+0+0+2 1 1-0  5-  0  2  2  2  7  4  3  0  2
20090617 0+1-1-0+0+1-0 0  3   2  3  3  2  2  3  0  0  2
20090618 0 0+0+1-1-1 1-2  6-  0  2  2  3  3  4  3  7  3
20090619 1+0+0+0+0+0+0+0  3+  5  2  2  2  2  2  2  0  2
20090620 0 1 2-1 1 1 2 1+ 9   0  4  6  4  4  4  7  5  4
20090621 2-2+2-2-3-1 1-0 12-  6  9  6  6 12  4  3  0  6
20090622 0+1 0+0+1-1-0+0+ 4   2  4  2  2  3  3  2  2  2
20090623 0+0+1-1 0+1-1-3+ 7+  2  2  3  4  2  3  3 18  5
20090624 2+3 4 2-2-2 5 3-22+  9 15 27  6  6  7 48 12 16
20090625 2 1 1+1 2 1+1+2+12+  7  4  5  4  7  5  5  9  6
20090626 2-1-0+1-0+0+0+1- 5   6  3  2  3  2  2  2  3  3
20090627 0+0 1-1 1+2 2-2- 9-  2  0  3  4  5  7  6  6  4
20090628 2 1 1 1-2-3 4 3+17-  7  4  4  3  6 15 27 18 10
20090629 4-2+1+2-2 1 1-0+13  22  9  5  6  7  4  3  2  7
20090630 1-2-1 1 0+1+1 1- 8-  3  6  4  4  2  5  4  3  4
20090701 1-1+1 1-0+0+0+0+ 5   3  5  4  3  2  2  2  2  3
20090702 0+1-1-0+0+0+0+0  3   2  3  3  2  2  2  2  0  2
20090703 0+1-0+1 1-1-1-1+ 6-  2  3  2  4  3  3  3  5  3
20090704 1 1-0+0+1-1 1-1  6-  4  3  2  2  3  4  3  4  3
20090705 2 2 0+0+0+1 2 2-10-  7  7  2  2  2  4  7  6  5
20090706 1+2-1-0+0+0+1-1  6+  5  6  3  2  2  2  3  4  3
20090707 1-1-0+1 1-2-1+1- 7   3  3  2  4  3  6  5  3  4
20090708 1 0+2-1+1 1 1-1- 8-  4  2  6  5  4  4  3  3  4
20090709 1+1-1+1 0+2-3-2+11+  5  3  5  4  2  6 12  9  6
20090710 2+3 1+1+2-2-1-1+13+  9 15  5  5  6  6  3  5  7
20090711 1 1+1+0+1-0+0+1  6+  4  5  5  2  3  2  2  4  3
20090712 1-1-1 1-1 0+0+1  6-  3  3  4  3  4  2  2  4  3
20090713 1-1-0+1 3-3+2+3 14   3  3  2  4 12 18  9 15  8
20090714 4-2+2-1+2 1 1-1+14  22  9  6  5  7  4  3  5  8
20090715 1 2-1+1 1 1 0+0+ 8-  4  6  5  4  4  4  2  2  4
20090716 1-0+1 0+0+0 0+0+ 3+  3  2  4  2  2  0  2  2  2
20090717 0 0+0 0+0 0+0 0  1   0  2  0  2  0  2  0  0  1
20090718 0 1-0+0+1-0 0+0  2+  0  3  2  2  3  0  2  0  2
20090719 0 0+0+0+0+0 0 0  1+  0  2  2  2  2  0  0  0  1
20090720 0+1+1+2 2-2+0+0  9+  2  5  5  7  6  9  2  0  4
20090721 1-1 1-1 1-1 1 1  7   3  4  3  4  3  4  4  4  4
20090722 3 6-5 4+2-2-2+1+25  15 67 48 32  6  6  9  5 24
20090723 1+1+2 2-2-2+2+2 15-  5  5  7  6  6  9  9  7  7
20090724 2 1 2 1+1+2 1-1 11+  7  4  7  5  5  7  3  4  5
20090725 2 2 0+1 1 0+1-1+ 9-  7  7  2  4  4  2  3  5  4
20090726 1-0+1-0+1-0+0+0  3+  3  2  3  2  3  2  2  0  2
20090727 1-1-1-0+1 1-1-1- 5+  3  3  3  2  4  3  3  3  3
20090728 1 1+1 1 1-1 0 1- 7-  4  5  4  4  3  4  0  3  3
20090729 1-1 0+1-1-0+0 0  4-  3  4  2  3  3  2  0  0  2
20090730 0+0 0 1+1 2 1+0+ 6+  2  0  0  5  4  7  5  2  3
20090731 0 1-2+2-1+1 1-1- 8+  0  3  9  6  5  4  3  3  4
20090801 0 1 1-1 1 1+0+1- 6   0  4  3  4  4  5  2  3  3
20090802 0+0+0 0+0+0+1 2+ 5   2  2  0  2  2  2  4  9  3
20090803 3-2 2 1+1+1 2-1-13- 12  7  7  5  5  4  6  3  6
20090804 1-1 1-0+1-1 1 1  6+  3  4  3  2  3  4  4  4  3
20090805 1+1+1+2 2 1-0+2-11-  5  5  5  7  7  3  2  6  5
20090806 2+3 4 1+2+2 2-1+18   9 15 27  5  9  7  6  5 10
20090807 2-2-1-1+1 3-2 3-14-  6  6  3  5  4 12  7 12  7
20090808 1 1+0+0+1-1 1-0+ 6-  4  5  2  2  3  4  3  2  3
20090809 2 2 2 2-1+1-1 1+12   7  7  7  6  5  3  4  5  6
20090810 2 0 0 0+1-1 1+1- 6   7  0  0  2  3  4  5  3  3
20090811 0+0+1 0+0+1-1-1+ 5   2  2  4  2  2  3  3  5  3
20090812 1-1-1 1+2-0+1-2- 8   3  3  4  5  6  2  3  6  4
20090813 2 1-1 1 1 0+1-0+ 7   7  3  4  4  4  2  3  2  4
20090814 0+1 1-0+0 0+0+1  4   2  4  3  2  0  2  2  4  2
20090815 1-0 1 0 0+0 0+0  2+  3  0  4  0  2  0  2  0  1
20090816 0+0+0+0+0+0 0+1- 3-  2  2  2  2  2  0  2  3  2
20090817 0 0+0 0+1-1-1 0+ 3+  0  2  0  2  3  3  4  2  2
20090818 1-1-0+0+0+1-1-1  5-  3  3  2  2  2  3  3  4  3
20090819 0+0+1-2 3 2+3-3 14+  2  2  3  7 15  9 12 15  8
20090820 3+4-2 2 2-1-2-2+17+ 18 22  7  7  6  3  6  9 10
20090821 2-1-3-1+3-2+1+2-14+  6  3 12  5 12  9  5  6  7
20090822 1 2 1 1 1 1-1+1  9   4  7  4  4  4  3  5  4  4
20090823 1+2+1+1 1-0+1-1- 8+  5  9  5  4  3  2  3  3  4
20090824 1 0+0 0+0+0+0+0  3-  4  2  0  2  2  2  2  0  2
20090825 0+1 0 0+1-1-0+1- 4   2  4  0  2  3  3  2  3  2
20090826 2 1 2-1 0+0+0+0  7-  7  4  6  4  2  2  2  0  3
20090827 1-1+1-1 1+3-2+1 11   3  5  3  4  5 12  9  4  6
20090828 1-1+0+0 0 0+0+0+ 3+  3  5  2  0  0  2  2  2  2
20090829 0 0+1 1-0+0+0+0  3   0  2  4  3  2  2  2  0  2
20090830 2 1+3-2 3 6-4+3+24+  7  5 12  7 15 67 32 18 20
20090831 2+1+1+1+1+1+2-1-11+  9  5  5  5  5  5  6  3  5
20090901 1+0+0 1-1+1-0+1  6-  5  2  0  3  5  3  2  4  3
20090902 2-1-0 0+1 1-0+1  6-  6  3  0  2  4  3  2  4  3
20090903 0+0+1-1-1 2+2 2+10-  2  2  3  3  4  9  7  9  5
20090904 2 3-2 2 1+2-1+0+13+  7 12  7  7  5  6  5  2  6
20090905 1 1 1-0+0 0+1-0+ 4+  4  4  3  2  0  2  3  2  2
20090906 0 2-0+2-1-1-1 1- 7-  0  6  2  6  3  3  4  3  3
20090907 0 0 0+1 1-1 1-0+ 4   0  0  2  4  3  4  3  2  2
20090908 1-0 0 0 0 1 1-1  3+  3  0  0  0  0  4  3  4  2
20090909 1 0+0 0+1-0+1-0+ 4-  4  2  0  2  3  2  3  2  2
20090910 0+0 0 1-2-0+1-0+ 4   2  0  0  3  6  2  3  2  2
20090911 0 1-1-1-1 1 1+1  6+  0  3  3  3  4  4  5  4  3
20090912 0 1-1-0+1-0+0+1- 4-  0  3  3  2  3  2  2  3  2
20090913 1 1+1-1-1 2+2 1+10+  4  5  3  3  4  9  7  5  5
20090914 3 1 1 1 0+1+1 2-10+ 15  4  4  4  2  5  4  6  6
20090915 0+2 2-1-1 2-1-2+10+  2  7  6  3  4  6  3  9  5
20090916 2 2-2 1+0+1-1-1- 9+  7  6  7  5  2  3  3  3  4
20090917 2+3+2 1-1-1-1+1+12+  9 18  7  3  3  3  5  5  7
20090918 2 1 0 0+1-0 0+0  4+  7  4  0  2  3  0  2  0  2
20090919 0+0 1-1-0+0+0+0  3-  2  0  3  3  2  2  2  0  2
20090920 0 0 0+1-1+1 3-3- 9-  0  0  2  3  5  4 12 12  5
20090921 3 2-2 2+2-1 1 0 13- 15  6  7  9  6  4  4  0  6
20090922 1-0 1 1 1+1-0 0+ 5   3  0  4  4  5  3  0  2  3
20090923 0+0 0 0 0 0 0 0  0+  2  0  0  0  0  0  0  0  0
20090924 0 0 0 0 0+1-1-0+ 2   0  0  0  0  2  3  3  2  1
20090925 0 1 0 0+1-0+0+0  3-  0  4  0  2  3  2  2  0  2
20090926 0 0 0 0+1 1-1 3- 6-  0  0  0  2  4  3  4 12  3
20090927 2 3+1 2 1 1-1+1+13-  7 18  4  7  4  3  5  5  7
20090928 2+3-3+2-1 0+1+2 15-  9 12 18  6  4  2  5  7  8
20090929 0+0 0+0+0+0+0 0  2-  2  0  2  2  2  2  0  0  1
20090930 2-1+1+1-2-1-2-1+10+  6  5  5  3  6  3  6  5  5
20091001 1-1+0+0+0 0+0+0+ 4-  3  5  2  2  0  2  2  2  2
20091002 1-0+0 1-0+0 0+0  2+  3  2  0  3  2  0  2  0  2
20091003 0+0 0 0 0+0 1-0  1+  2  0  0  0  2  0  3  0  1
20091004 0 2+1 2 2-1-0+0+ 8+  0  9  4  7  6  3  2  2  4
20091005 1-1 0 0+0+1 1-1- 5-  3  4  0  2  2  4  3  3  3
20091006 0 1-0+0+1-0+0 0+ 3-  0  3  2  2  3  2  0  2  2
20091007 0 0 0+1-0+1-0+0+ 3-  0  0  2  3  2  3  2  2  2
20091008 1-1 0+0 0 0 0 1+ 3+  3  4  2  0  0  0  0  5  2
20091009 0 1-1-1-0 0+0+0+ 3   0  3  3  3  0  2  2  2  2
20091010 0 0 0 1-0+0 0 0  1   0  0  0  3  2  0  0  0  1
20091011 2 2+3+1+1+2-1 1 14   7  9 18  5  5  6  4  4  7
20091012 0 0+1-0 0+0 1-0+ 2+  0  2  3  0  2  0  3  2  2
20091013 1-0 1 1-1-0+1 1  5+  3  0  4  3  3  2  4  4  3
20091014 0 0 0 0+0 0 0+0+ 1   0  0  0  2  0  0  2  2  1
20091015 0 0 2 1+2-2-2+1 10   0  0  7  5  6  6  9  4  5
20091016 2+2 1-0+0+0 0 0  6-  9  7  3  2  2  0  0  0  3
20091017 0 0 0 1-0 0 0 0+ 1   0  0  0  3  0  0  0  2  1
20091018 0 0 0+0+0+1-0 0  2-  0  0  2  2  2  3  0  0  1
20091019 0 0 1-0 1 1 0+0  3   0  0  3  0  4  4  2  0  2
20091020 1-0 0 0 0 0 0 0  1-  3  0  0  0  0  0  0  0  0
20091021 0 0 0 0+1 0+0 0+ 2   0  0  0  2  4  2  0  2  1
20091022 3 3-2 3 2 2-4-4-22- 15 12  7 15  7  6 22 22 13
20091023 4-3+2-4-1+1-0+1-15+ 22 18  6 22  5  3  2  3 10
20091024 1-0+1+1+2-2 4 3-14   3  2  5  5  6  7 27 12  8
20091025 3 1+1+1+2 1 0+0 10+ 15  5  5  5  7  4  2  0  5
20091026 0+0 1-1+0+2-2-1  7   2  0  3  5  2  6  6  4  4
20091027 1-0+1-1 1 0+1+0  5+  3  2  3  4  4  2  5  0  3
20091028 1-0+1 1+0+0+0+0+ 5-  3  2  4  5  2  2  2  2  3
20091029 1-1 1-0+2 1+2+2-10   3  4  3  2  7  5  9  6  5
20091030 3 3+3+3-1-1-1-1-15  15 18 18 12  3  3  3  3  9
20091031 0+0 0 0+1-0+1 1+ 4   2  0  0  2  3  2  4  5  2
20091101 1 1+1-1-0 1-1-0  5   4  5  3  3  0  3  3  0  3
20091102 0 0+2 1+0+1-0+0  5   0  2  7  5  2  3  2  0  3
20091103 0 0 0 0 0+0 0+0  1-  0  0  0  0  2  0  2  0  0
20091104 0 0 0 0 0 0 1-0  1-  0  0  0  0  0  0  3  0  0
20091105 0 0+0+0 0+0 0 0  1   0  2  2  0  2  0  0  0  1
20091106 0 0 0 0 0 0 0 0  0   0  0  0  0  0  0  0  0  0
20091107 0 0 0 0 0 0 0 1  1   0  0  0  0  0  0  0  4  0
20091108 1 1+1-2-2+2+3-2+14+  4  5  3  6  9  9 12  9  7
20091109 2-2 2-1+0+1-0 0+ 8   6  7  6  5  2  3  0  2  4
20091110 1-0+0 0 0 0 0+0+ 2-  3  2  0  0  0  0  2  2  1
20091111 1-0 0 0 0 0 0 0  1-  3  0  0  0  0  0  0  0  0
20091112 0 0 0 0 0 0 0 1  1   0  0  0  0  0  0  0  4  0
20091113 0 0+0 0 0+0+1+1  3+  0  2  0  0  2  2  5  4  2
20091114 1+1 2-2 2-1 1 2 12-  5  4  6  7  6  4  4  7  5
20091115 2+1 1+0+2-3-1 0+11-  9  4  5  2  6 12  4  2  6
20091116 0 0 0 0 0 0 1-0  1-  0  0  0  0  0  0  3  0  0
20091117 1 0 0 0 0 1-1-0  2+  4  0  0  0  0  3  3  0  1
20091118 0 0 1 1-0+0+0 1- 3   0  0  4  3  2  2  0  3  2
20091119 0 0+0 0+0+1-0+2  4   0  2  0  2  2  3  2  7  2
20091120 1+0 0 0+1-1-1+0+ 5-  5  0  0  2  3  3  5  2  2
20091121 3 2 2 2-1+0+2+3-15+ 15  7  7  6  5  2  9 12  8
20091122 3-1-2-0+1 2 1-0+ 9+ 12  3  6  2  4  7  3  2  5
20091123 0 0 0 0 0+0 0 0  0+  0  0  0  0  2  0  0  0  0
20091124 0+0 0 1-3-3 4-3-13   2  0  0  3 12 15 22 12  8
20091125 2+3-2-1 2-0+0+1 11   9 12  6  4  6  2  2  4  6
20091126 1+1-1+2 1 2+2-1+12-  5  3  5  7  4  9  6  5  6
20091127 0+1 1-0+0 0+0+0  3   2  4  3  2  0  2  2  0  2
20091128 0 0 1+1 0+1-0+0+ 4   0  0  5  4  2  3  2  2  2
20091129 0 0 0+0 0 0 0 0  0+  0  0  2  0  0  0  0  0  0
20091130 0 0 0+0+0+0 0 0  1   0  0  2  2  2  0  0  0  1
20091201 0 0 0 0 0 0 0 0  0   0  0  0  0  0  0  0  0  0
20091202 0 0 0+0+0+0 0+0  1+  0  0  2  2  2  0  2  0  1
20091203 0 0 0 0 0 0 0 0  0   0  0  0  0  0  0  0  0  0
20091204 0 0 0 0 0 0 0 0  0   0  0  0  0  0  0  0  0  0
20091205 0 0 1 1-1-1-2+2  7+  0  0  4  3  3  3  9  7  4
20091206 2+2-1-0+0 0 0+0+ 6-  9  6  3  2  0  0  2  2  3
20091207 1+0 0+0+1 1 1+0+ 6-  5  0  2  2  4  4  5  2  3
20091208 0 0 0 0 0 0+0 0+ 1-  0  0  0  0  0  2  0  2  0
20091209 0 0 0 0+0 0 0 0  0+  0  0  0  2  0  0  0  0  0
20091210 0 0 0+0+0+0+0+0  2-  0  0  2  2  2  2  2  0  1
20091211 0 0 0 0 0 0 0 0  0   0  0  0  0  0  0  0  0  0
20091212 0 0 1-0+0+1-1 1  4   0  0  3  2  2  3  4  4  2
20091213 0 0 1-1-1 0+1-1- 4   0  0  3  3  4  2  3  3  2
20091214 1+3 2 1+1-1 1-0+10+  5 15  7  5  3  4  3  2  6
20091215 0 0 0+0 0+0 1-1  2+  0  0  2  0  2  0  3  4  1
20091216 2 2-1-1 2-2-1-0+10-  7  6  3  4  6  6  3  2  5
20091217 0 0+0 1 1 1 1-0+ 4+  0  2  0  4  4  4  3  2  2
20091218 0 0 1 2-1 1+0+0  5+  0  0  4  6  4  5  2  0  3
20091219 1-0+0+1-0 0 0 0+ 2+  3  2  2  3  0  0  0  2  2
20091220 1-0 0 1-1-1+0+0  4-  3  0  0  3  3  5  2  0  2
20091221 1 1-0 0+0 0+2 1- 5   4  3  0  2  0  2  7  3  3
20091222 0+0 0+0+0+1-2-1+ 5   2  0  2  2  2  3  6  5  3
20091223 0+1 1+1-1-1-1-1+ 7-  2  4  5  3  3  3  3  5  4
20091224 1-1 1-0+0+0+0 0+ 4-  3  4  3  2  2  2  0  2  2
20091225 0 0 0+0+1 1 2 2+ 7   0  0  2  2  4  4  7  9  4
20091226 2-2 1 1-0+2-0+0  8-  6  7  4  3  2  6  2  0  4
20091227 0 0+0+1 1+1 0+0  4+  0  2  2  4  5  4  2  0  2
20091228 0 0 0 1-0 1-0+0  2-  0  0  0  3  0  3  2  0  1
20091229 0 0 0+0 0 0 0 0  0+  0  0  2  0  0  0  0  0  0
20091230 0 0 0 0 0 0 0 0  0   0  0  0  0  0  0  0  0  0
20091231 0 0 0 0 0+0 0 0  0+  0  0  0  0  2  0  0  0  0

