YYYYMMDD Kp[8]           Sum ap[8]                   Ap
20120101 2-1 1-0+2-2-1+1  9+  6  4  3  2  6  6  5  4  4
20120102 0 0 0+0 1+1 2+2+ 7+  0  0  2  0  5  4  9  9  4
20120103 3+4-2-1+1+2-1 1 15  18 22  6  5  5  6  4  4  9
20120104 2-0 0 0 1-0+0+1- 4-  6  0  0  0  3  2  2  3  2
20120105 1 1 1-1-3-1 2-1- 9+  4  4  3  3 12  4  6  3  5
20120106 1 1-1-1+1 2 3-3-12   4  3  3  5  4  7 12 12  6
20120107 3-2-1 1 1 1+1 3-12+ 12  6  4  4  4  5  4 12  6
20120108 1+2 1+0+0+1-2-1  9-  5  7  5  2  2  3  6  4  4
20120109 2+2+2-2-1+3-1+2 15+  9  9  6  6  5 12  5  7  7
20120110 1-1 1-2-2+1+2-1 10+  3  4  3  6  9  5  6  4  5
20120111 2 3-1+1-1-2-2-2-12+  7 12  5  3  3  6  6  6  6
20120112 2 1+0 1+1+1+2+2 12-  7  5  0  5  5  5  9  7  5
20120113 3-3 3+1 0+1 0+1-12+ 12 15 18  4  2  4  2  3  8
20120114 1-0+1-0+0+0 0 0+ 3-  3  2  3  2  2  0  0  2  2
20120115 0+1+0+0 0+1 2-3- 8-  2  5  2  0  2  4  6 12  4
20120116 2 1+1 2+3+2+3 1+17-  7  5  4  9 18  9 15  5  9
20120117 3 2 1-1 1 1 2-1 11+ 15  7  3  4  4  4  6  4  6
20120118 2+0+0+1 1-1-1-1  7   9  2  2  4  3  3  3  4  4
20120119 0+1 0 1-0 1+0+0+ 4   2  4  0  3  0  5  2  2  2
20120120 2 2 1 0+0+1 1+0  8   7  7  4  2  2  4  5  0  4
20120121 2 2+1+2-2 1 2 2 14+  7  9  5  6  7  4  7  7  6
20120122 1-1+4+4-4+4-5-5-27+  3  5 32 22 32 22 39 39 24
20120123 5 4-2+1-1-1-0 1 14  48 22  9  3  3  3  0  4 12
20120124 4 3-1+1+2 4+4+4-24- 27 12  5  5  7 32 32 22 18
20120125 3 4 3+4+3 2 2-2+24- 15 27 18 32 15  7  6  9 16
20120126 2+0+2 2+2-3-2 1+15-  9  2  7  9  6 12  7  5  7
20120127 2-2-3 2 2+2-1+0+14   6  6 15  7  9  6  5  2  7
20120128 2 2+1 1-1-0+2+3-12   7  9  4  3  3  2  9 12  6
20120129 3-2+2-1 0 1 2 1+12  12  9  6  4  0  4  7  5  6
20120130 0 0 1-0 0 3 4-4-11   0  0  3  0  0 15 22 22  8
20120131 2+1+1-0+0+0 0 1- 6-  9  5  3  2  2  0  0  3  3
20120201 2 2+2+2-2-0+0+1-11+  7  9  9  6  6  2  2  3  6
20120202 1+2-1+1+1 0 1 2- 9+  5  6  5  5  4  0  4  6  4
20120203 2+2 1+2-2+1+1-0+12   9  7  5  6  9  5  3  2  6
20120204 2+3-2+2 3-2 2 3-19-  9 12  9  7 12  7  7 12  9
20120205 3-2-1 2-3-2-3 2 16+ 12  6  4  6 12  6 15  7  8
20120206 2-2+1+1-1+3 2+1+14   6  9  5  3  5 15  9  5  7
20120207 2 3-2 3+3 2+4 4-23   7 12  7 18 15  9 27 22 15
20120208 4 2+3-2 2+1+3-2-19  27  9 12  7  9  5 12  6 11
20120209 2-1-0 1+2 2-3-1 11   6  3  0  5  7  6 12  4  5
20120210 1-1 1+1-1+1-2 2+10   3  4  5  3  5  3  7  9  5
20120211 3-1+1 0+1-0+1+1  9- 12  5  4  2  3  2  5  4  5
20120212 2-1+0 1-1-1+1 1  8-  6  5  0  3  3  5  4  4  4
20120213 1 1+3 2+3 3-2 3-18   4  5 15  9 15 12  7 12 10
20120214 3-3-2 2-2 3-3 4 21- 12 12  7  6  7 12 15 27 12
20120215 2+5+4-3+3-3 3+4-27+  9 56 22 18 12 15 18 22 22
20120216 2+0 1+2-2 0+0 0  8-  9  0  5  6  7  2  0  0  4
20120217 0 0+1+1-0 0 0 0  2+  0  2  5  3  0  0  0  0  1
20120218 0 0 0 0+0 1-2-4- 6+  0  0  0  2  0  3  6 22  4
20120219 5 6-2+2 1+2-2 3+23+ 48 67  9  7  5  6  7 18 21
20120220 3+5-3 3 3+3+3 3+27  18 39 15 15 18 18 15 18 20
20120221 3+2+2-2-1-1 1-2 13+ 18  9  6  6  3  4  3  7  7
20120222 3+3+3+3 2+1+1 0+18  18 18 18 15  9  5  4  2 11
20120223 0 0 1 1 0+0+1-2+ 6-  0  0  4  4  2  2  3  9  3
20120224 2-3 1 1+1+2-1-0 11-  6 15  4  5  5  6  3  0  6
20120225 0 1-2-2 2+1+3-2-12+  0  3  6  7  9  5 12  6  6
20120226 2 2 2 1 1+1-2-3 14-  7  7  7  4  5  3  6 15  7
20120227 4-2+1+2 3+4+5+2-24  22  9  5  7 18 32 56  6 19
20120228 1+2 5 2+1 2+1 3-18-  5  7 48  9  4  9  4 12 12
20120229 3-3+3-0+0 0+1-1 11  12 18 12  2  0  2  3  4  7
20120301 0+3 4-4-3 3-4 4-24   2 15 22 22 15 12 27 22 17
20120302 3 3 3-2-3-2 2 2 19  15 15 12  6 12  7  7  7 10
20120303 2+2+2+2 1-3-1 2 15+  9  9  9  7  3 12  4  7  8
20120304 4-3 3 2+2+2-3 2-21- 22 15 15  9  9  6 15  6 12
20120305 3-2 2 2+1+2-3-3+18  12  7  7  9  5  6 12 18 10
20120306 3 2 3-1-3-2 2 3-18- 15  7 12  3 12  7  7 12  9
20120307 4-5-6 6-5+5+5-4 39+ 22 39 80 67 56 56 39 27 48
20120308 2 1 2-5 5-5-4 4 27   7  4  6 48 39 39 27 27 25
20120309 5-6+8 7+7-6-3 2+44  39 94207154111 67 15  9 87
20120310 5-5-3+3-2 3 3+1+25  39 39 18 12  7 15 18  5 19
20120311 2 2-1 2-2+3-3 3+18-  7  6  4  6  9 12 15 18 10
20120312 3 2-2+6+6 4-3+3 29+ 15  6  9 94 80 22 18 15 32
20120313 4-3+1+1+2 2-2 2-17  22 18  5  5  7  6  7  6 10
20120314 3-2 1 1 2 3 2 2+16  12  7  4  4  7 15  7  9  8
20120315 4-3-2 2 5-6+5 5+32- 22 12  7  7 39 94 48 56 36
20120316 4+3+3 4+3+5 4 4-31  32 18 15 32 18 48 27 22 26
20120317 4 4 4-3-3-4+4+5 31- 27 27 22 12 12 32 32 48 26
20120318 4 4-2+2+2-2-2+3 21  27 22  9  9  6  6  9 15 13
20120319 2 4-2 2-2+1+2+3-18   7 22  7  6  9  5  9 12 10
20120320 1+1-1 1+1-1 2 2 10   5  3  4  5  3  4  7  7  5
20120321 1+1-1 1 2-1 2+2-11-  5  3  4  4  6  4  9  6  5
20120322 1-2-0+0+0+0+3-4 10+  3  6  2  2  2  2 12 27  7
20120323 3 1-1+1 1-2-1 0  9+ 15  3  5  4  3  6  4  0  5
20120324 1+3 4+3-2 2 2-2 19   5 15 32 12  7  7  6  7 11
20120325 2-1-2-1+2-1-0 0  8-  6  3  6  5  6  3  0  0  4
20120326 1-1+1 1 1-1-0+1  7-  3  5  4  4  3  3  2  4  4
20120327 2 3-2-3-3 3 3+5 23+  7 12  6 12 15 15 18 48 17
20120328 5-4+3-2-2+1+2+1+21- 39 32 12  6  9  5  9  5 15
20120329 0 0 0 0 1+1-1+2+ 6-  0  0  0  0  5  3  5  9  3
20120330 3-2 1+1-1 1-0 0+ 9- 12  7  5  3  4  3  0  2  4
20120331 0+0+0+1-2-2 2+0+ 8   2  2  2  3  6  7  9  2  4
20120401 1+2-1 2-1+2 2-2 13-  5  6  4  6  5  7  6  7  6
20120402 3+3 2-1+2+2-2-2-17- 18 15  6  5  9  6  6  6  9
20120403 2 2 1-0+1-1-2-2 10   7  7  3  2  3  3  6  7  5
20120404 2 2+0+0+1+2 2-3 13   7  9  2  2  5  7  6 15  7
20120405 3 3+4 4 3-3+2-2 24  15 18 27 27 12 18  6  7 16
20120406 1 1-0+0 0 0+0+2  5-  4  3  2  0  0  2  2  7  2
20120407 3-3+2+3+2+1-0+2 17  12 18  9 18  9  3  2  7 10
20120408 2+1+1 1 1 1-1-0+ 8+  9  5  4  4  4  3  3  2  4
20120409 1-1-0 0+0+0+2-2  6   3  3  0  2  2  2  6  7  3
20120410 3+2 1 1 1 1+1+2 13  18  7  4  4  4  5  5  7  7
20120411 1 1 2 1+1+0+0+2  9+  4  4  7  5  5  2  2  7  4
20120412 1-4-2+2-2-3 5-4-21+  3 22  9  6  6 15 39 22 15
20120413 5-5 4-3 2-3-2 3-25+ 39 48 22 15  6 12  7 12 20
20120414 3+4-2 1+2 2 2+1-17+ 18 22  7  5  7  7  9  3 10
20120415 1 2-1 1 1+1 2 1 10   4  6  4  4  5  4  7  4  5
20120416 1+1+0+0+1+1+1+2- 9   5  5  2  2  5  5  5  6  4
20120417 1+0+2+2+2+2+3+2+17-  5  2  9  9  9  9 18  9  9
20120418 3+3-3-1+2-1+1 1+15+ 18 12 12  5  6  5  4  5  8
20120419 1 1 0+0+0+0+3-3- 9-  4  4  2  2  2  2 12 12  5
20120420 1 3+3+2-1+1 1-1 13+  4 18 18  6  5  4  3  4  8
20120421 1+0+0+1 0+2-3+4-12   5  2  2  4  2  6 18 22  8
20120422 3+3-2-3-2 1 1-1 15  18 12  6 12  7  4  3  4  8
20120423 2-4 3+1 2+4+5 6-27+  6 27 18  4  9 32 48 67 26
20120424 7-6-5-2 3-3-4+5 34-111 67 39  7 12 12 32 48 41
20120425 4+3+4-4 3 4 5+4-31+ 32 18 22 27 15 27 56 22 27
20120426 4+5-2+2-3-1+3-2+22  32 39  9  6 12  5 12  9 16
20120427 3 2+2 1-2-1+2-2+15  15  9  7  3  6  5  6  9  8
20120428 1+1-1-2 1 2 2 2+12   5  3  3  7  4  7  7  9  6
20120429 2+2 1-1-1-0+1 0+ 8   9  7  3  3  3  2  4  2  4
20120430 0+1-1-1-0 0 0+1- 3+  2  3  3  3  0  0  2  3  2
20120501 0+0+1-0+0+1 1-2- 5+  2  2  3  2  2  4  3  6  3
20120502 2 1 0+1-1-0 0+2+ 7+  7  4  2  3  3  0  2  9  4
20120503 3-2 2-1+1+1+1 3 14+ 12  7  6  5  5  5  4 15  7
20120504 2 1+0 0 0+1+1-0  6-  7  5  0  0  2  5  3  0  3
20120505 0 0+0+1+1+1-0 1- 5-  0  2  2  5  5  3  0  3  2
20120506 1 0+1+2 2-1-1+0  8+  4  2  5  7  6  3  5  0  4
20120507 0 0+0+2-1-1-0 0+ 4   0  2  2  6  3  3  0  2  2
20120508 1-2 1+1+2 2 2 4 15+  3  7  5  5  7  7  7 27  8
20120509 4-4 4 3 4-4 5-4+31+ 22 27 27 15 22 27 39 32 26
20120510 2+3 2 2-2-1+2+4-18   9 15  7  6  6  5  9 22 10
20120511 4-3 2 2-1+3 2 2-18+ 22 15  7  6  5 15  7  6 10
20120512 3 2-2-2-3-2+2 2+17+ 15  6  6  6 12  9  7  9  9
20120513 3-3+2+2 2 2-3-3-19+ 12 18  9  7  7  6 12 12 10
20120514 3-1+0+0 0+0+1-1+ 7  12  5  2  0  2  2  3  5  4
20120515 2-2 1+1-1-0 0 2- 8   6  7  5  3  3  0  0  6  4
20120516 2+1+1 1 2 2+3-4-16+  9  5  4  4  7  9 12 22  9
20120517 2-1 1-0+1-0+1 1  7-  6  4  3  2  3  2  4  4  4
20120518 3 2-1+2-1 2+2-2+15  15  6  5  6  4  9  6  9  8
20120519 2 1+1-1+1 1+1 1- 9+  7  5  3  5  4  5  4  3  4
20120520 3 4 3-2-3-1+1-0+16+ 15 27 12  6 12  5  3  2 10
20120521 0 0+0+0+0 0+4-1+ 6+  0  2  2  2  0  2 22  5  4
20120522 3-4 2+2+4-4-4+4-27- 12 27  9  9 22 22 32 22 19
20120523 4-5-4 3-2 2+2+2 24- 22 39 27 12  7  9  9  7 16
20120524 2-2-2 2-2-2 2-1+14-  6  6  7  6  6  7  6  5  6
20120525 2 1 1 2 1+2+1-1 11+  7  4  4  7  5  9  3  4  5
20120526 2+1-1-1-0+0 0 0  5-  9  3  3  3  2  0  0  0  2
20120527 0+1+1-0+0+1 0+0  4+  2  5  3  2  2  4  2  0  2
20120528 0+0+0 1-2-2 2+1  8+  2  2  0  3  6  7  9  4  4
20120529 1-1+0+1-1+1+2-2+10-  3  5  2  3  5  5  6  9  5
20120530 2+1+1 2-2-2 2 1-13-  9  5  4  6  6  7  7  3  6
20120531 3-1+2 2 2-2+4-1-16+ 12  5  7  7  6  9 22  3  9
20120601 1-2-0+2 2-2 1+1+11   3  6  2  7  6  7  5  5  5
20120602 1-1 1 1+1+3 3-4-15-  3  4  4  5  5 15 12 22  9
20120603 2+2-2-3-5+6-4+1+25   9  6  6 12 56 67 32  5 24
20120604 1+3-3-4 4 2+3 4-24-  5 12 12 27 27  9 15 22 16
20120605 2+4-3 3-4 3 3+3+25+  9 22 15 12 27 15 18 18 17
20120606 3+4-2 3-3+3 4+3-25  18 22  7 12 18 15 32 12 17
20120607 2 2-2 1+2-2-2+2 15-  7  6  7  5  6  6  9  7  7
20120608 2-2-2+3-1 0+2 1-12+  6  6  9 12  4  2  7  3  6
20120609 1+2+1 2-2-1 3+2 14+  5  9  4  6  6  4 18  7  7
20120610 0 1-0+1-2+2 1+2  9+  0  3  2  3  9  7  5  7  4
20120611 2 2-3-2-2 3-4 5+22   7  6 12  6  7 12 27 56 17
20120612 5 4-1+1 1+1 1 1-15  48 22  5  4  5  4  4  3 12
20120613 2 2-1 1 0+1 1 1- 9-  7  6  4  4  2  4  4  3  4
20120614 1-1-1-1 1 0+1-0  5   3  3  3  4  4  2  3  0  3
20120615 0 0 0 0+1-1-1-1- 3   0  0  0  2  3  3  3  3  2
20120616 0+1-0+2+3 3-4-6+19+  2  3  2  9 15 12 22 94 20
20120617 4-3+5+6 6 4 4+4 37- 22 18 56 80 80 27 32 27 43
20120618 4+5+3 2 2+2 1+1 21+ 32 56 15  7  9  7  5  4 17
20120619 0 0+1-0 0 0+0+0+ 2   0  2  3  0  0  2  2  2  1
20120620 1 1+1-1-0+0+1-0  5   4  5  3  3  2  2  3  0  3
20120621 0+1-0 0+1-1-1-1- 4   2  3  0  2  3  3  3  3  2
20120622 1-1-2-1+2 1 0+0  8-  3  3  6  5  7  4  2  0  4
20120623 0+0+1 1 0+2 1+0+ 7-  2  2  4  4  2  7  5  2  4
20120624 2-0+1 1-1 1 1 0+ 7   6  2  4  3  4  4  4  2  4
20120625 1+2-2+2-3+3-2-1+16   5  6  9  6 18 12  6  5  8
20120626 2 3-2+2 1+1 0+2-13+  7 12  9  7  5  4  2  6  6
20120627 1-1 1 1 2+2+2-2 12   3  4  4  4  9  9  6  7  6
20120628 1+1+3-2-2-1 1-1-11   5  5 12  6  6  4  3  3  6
20120629 1 1-1 1-1+1 1+2+ 9+  4  3  4  3  5  4  5  9  5
20120630 2+3 4-4+5-4 4-4+30   9 15 22 32 39 27 22 32 25
20120701 4-4-3+3+3 3 3 3+26+ 22 22 18 18 15 15 15 18 18
20120702 3+4-4+3 4 4 3 2 27+ 18 22 32 15 27 27 15  7 20
20120703 2+2 2-3-2 3+2 2+18+  9  7  6 12  7 18  7  9  9
20120704 2+3 2-2+2+1-1-2-15-  9 15  6  9  9  3  3  6  8
20120705 2 1+1 3+4+3+3-3 21   7  5  4 18 32 18 12 15 14
20120706 2 3-2-2 2+4-4 4+23-  7 12  6  7  9 22 27 32 15
20120707 2 2-2-2-1+1 3-2 14   7  6  6  6  5  4 12  7  7
20120708 2-2-2-3 2+3-2+4+20-  6  6  6 15  9 12  9 32 12
20120709 5-4-4+4-7-5+3+4+36  39 22 32 22111 56 18 32 42
20120710 4-2 3-4-3-2 2+2 21  22  7 12 22 12  7  9  7 12
20120711 2+2+4-3 1 1+2 3 19-  9  9 22 15  4  5  7 15 11
20120712 3-3 4-3 2-2-1-1+18- 12 15 22 15  6  6  3  5 10
20120713 0+1-0+1-0+0+0+0+ 3+  2  3  2  3  2  2  2  2  2
20120714 0+1-1-1 2+3 6-5 19-  2  3  3  4  9 15 67 48 19
20120715 4+5+7-6 5+6 7 6 47- 32 56111 80 56 80132 80 78
20120716 6+5+5-4+5 5-3-3 36  94 56 39 32 48 39 12 15 42
20120717 4-5-4+2-2 3-2 2+23+ 22 39 32  6  7 12  7  9 17
20120718 1+1 1+1 1-1 1+1+ 9   5  4  5  4  3  4  5  5  4
20120719 0+1+2-1 2-1+2-1 10   2  5  6  4  6  5  6  4  5
20120720 1+3 1+3 2+3 2+2+19-  5 15  5 15  9 15  9  9 10
20120721 2+2-2 1 1-3 3-2-15   9  6  7  4  3 15 12  6  8
20120722 1-2+3-2+2-1-1-2 13   3  9 12  9  6  3  3  7  6
20120723 2+2 1 1+3-3 2 3-17   9  7  4  5 12 15  7 12  9
20120724 2+3-1+1+3-2 2+1-15+  9 12  5  5 12  7  9  3  8
20120725 3 1 2 1+1 0+1-1-10  15  4  7  5  4  2  3  3  5
20120726 0+0 1-0+1 1 0+0  4-  2  0  3  2  4  4  2  0  2
20120727 0 1+1 1-1-1 1-2- 7   0  5  4  3  3  4  3  6  4
20120728 1-1+2 2-3-3-4-3+18   3  5  7  6 12 12 22 18 11
20120729 2+2-2-2-1+1-1 0+11-  9  6  6  6  5  3  4  2  5
20120730 1+2-3 3-3 4+3+2 21+  5  6 15 12 15 32 18  7 14
20120731 2-1+1-0+2-1+1 1+ 9+  6  5  3  2  6  5  4  5  4
20120801 1 1+1 1 1+1 2-2 10+  4  5  4  4  5  4  6  7  5
20120802 0+0+1-2-5-5 4 3 20-  2  2  3  6 39 48 27 15 18
20120803 3-3-2-1 1 1 1-1-11+ 12 12  6  4  4  4  3  3  6
20120804 1 1 1+1-1+2 1+2+11   4  4  5  3  5  7  5  9  5
20120805 0+0+1-1+1 1+2-2+ 9   2  2  3  5  4  5  6  9  4
20120806 2+3 2-2+2 3 2 3-19   9 15  6  9  7 15  7 12 10
20120807 2-1 1 2-1+1 2-3 12+  6  4  4  6  5  4  6 15  6
20120808 5-2-2-1+2-2+1-1 15  39  6  6  5  6  9  3  4 10
20120809 3-2-1 1+1-1 1-1-10- 12  6  4  5  3  4  3  3  5
20120810 0+1 0+0 0+0+0+1- 3+  2  4  2  0  2  2  2  3  2
20120811 0 0+0+0+2-1 2-2  7+  0  2  2  2  6  4  6  7  4
20120812 2-2 2 1 2-1+2+2+14+  6  7  7  4  6  5  9  9  7
20120813 1-1+2-2-2+3 3-2-15   3  5  6  6  9 15 12  6  8
20120814 2-2 1+2-2-1+1 2+13   6  7  5  6  6  5  4  9  6
20120815 1+0 1 1+1+1+2-2+10+  5  0  4  5  5  5  6  9  5
20120816 2 2 2 1 3-4-3 3+20-  7  7  7  4 12 22 15 18 12
20120817 4-2+2-1 1 1 1+2-14- 22  9  6  4  4  4  5  6  8
20120818 1 2 2-2 2 2+4-3 18-  4  7  6  7  7  9 22 15 10
20120819 2-2 1+4 3+2-1+4 19+  6  7  5 27 18  6  5 27 13
20120820 3+3 3-2-3+2-2+2 20  18 15 12  6 18  6  9  7 11
20120821 2-1 1 1+1+1+1-3-11   6  4  4  5  5  5  3 12  6
20120822 1 1+0+1 2+1+1 2+11-  4  5  2  4  9  5  4  9  5
20120823 3 2 2 2 2 2+3 1-17  15  7  7  7  7  9 15  3  9
20120824 2+2 1+1+2 1+2 3-15   9  7  5  5  7  5  7 12  7
20120825 1+2 2+2-2+2+3-3 18-  5  7  9  6  9  9 12 15  9
20120826 1 2-2-3 3+2+4-2 19-  4  6  6 15 18  9 22  7 11
20120827 2-3 2-1-1-1-1-2-11-  6 15  6  3  3  3  3  6  6
20120828 1-0+0+1+1 0+1-1- 5+  3  2  2  5  4  2  3  3  3
20120829 1 1 1+1-1-1-0 1- 6   4  4  5  3  3  3  0  3  3
20120830 0+0+1-1-1 1-1 0+ 5   2  2  3  3  4  3  4  2  3
20120831 0 0 0+1-1 0 0 0  2   0  0  2  3  4  0  0  0  1
20120901 2-2-2 2-1+1 1-2-12-  6  6  7  6  5  4  3  6  5
20120902 3 3-2+2+2+3-4-5-24- 15 12  9  9  9 12 22 39 16
20120903 3+4 4-3 6-5-4+4 33- 18 27 22 15 67 39 32 27 31
20120904 3+3 4+2 2 2+2+4 23+ 18 15 32  7  7  9  9 27 16
20120905 6-5+5 4 2 3+3+3-31+ 67 56 48 27  7 18 18 12 32
20120906 4+4 1-1-1-3 3-1 17  32 27  3  3  3 15 12  4 12
20120907 1+3 2+1+2 2-3+3 18   5 15  9  5  7  6 18 15 10
20120908 3-2+1+2-2 2 2 1 15  12  9  5  6  7  7  7  4  7
20120909 1 1 1 1+1-1-1 1- 7+  4  4  4  5  3  3  4  3  4
20120910 2-1-1 0+1 1-1-0  6   6  3  4  2  4  3  3  0  3
20120911 0 0 0+0+0 0+0 0+ 1+  0  0  2  2  0  2  0  2  1
20120912 1 1 1+2 1+1-1 2 10+  4  4  5  7  5  3  4  7  5
20120913 3 2-1+0+0+2-1 1-10  15  6  5  2  2  6  4  3  5
20120914 1-1+1-1-1+2-1 3 10+  3  5  3  3  5  6  4 15  6
20120915 2+2 2-1+1-1+1+2+13   9  7  6  5  3  5  5  9  6
20120916 2+3-1-2-1 1 3 1+14-  9 12  3  6  4  4 15  5  7
20120917 2 2-0 1 1-0+1-2- 8   7  6  0  4  3  2  3  6  4
20120918 3 3+2 2-2+3-0+1 16+ 15 18  7  6  9 12  2  4  9
20120919 1 2+1-1+2-4-4-5-19   4  9  3  5  6 22 22 39 14
20120920 3+2 3 2+2 2 2 2-18+ 18  7 15  9  7  7  7  6 10
20120921 1+1+1+1+2+3-2-1-13-  5  5  5  5  9 12  6  3  6
20120922 2-1 1+1+0+0+0+1+ 8-  6  4  5  5  2  2  2  5  4
20120923 0 0 0 0 0 0 0+0  0+  0  0  0  0  0  0  2  0  0
20120924 0 0 0 0 0+1+1-1- 3   0  0  0  0  2  5  3  3  2
20120925 1-1-1-0+0+0+0 0  3   3  3  3  2  2  2  0  0  2
20120926 1-0+1-1-2-1 3 2+10+  3  2  3  3  6  4 15  9  6
20120927 3-2-1+1-0+0+0+1  8+ 12  6  5  3  2  2  2  4  4
20120928 0 0 0+0 0 0 0 0  0+  0  0  2  0  0  0  0  0  0
20120929 0 1 1+1-1-1-1 1- 6   0  4  5  3  3  3  4  3  3
20120930 1-1 1+3 3 3 3-4+19   3  4  5 15 15 15 12 32 13
20121001 7-6+4-2 2 1+1 1+24+111 94 22  7  7  5  4  5 32
20121002 2-0+0 2+2 2-1 2-11-  6  2  0  9  7  6  4  6  5
20121003 3-2+1+1-1-1-1-1 10  12  9  5  3  3  3  3  4  5
20121004 1-0+0+1-0 0 0 0  2   3  2  2  3  0  0  0  0  1
20121005 0 0 0+1 1-2 1 2+ 7+  0  0  2  4  3  7  4  9  4
20121006 2+1+1 1+2+2 1+2-13+  9  5  4  5  9  7  5  6  6
20121007 1-2-1-1+0+0+2-3- 9+  3  6  3  5  2  2  6 12  5
20121008 3 4 6+6-4 2+5+4 35- 15 27 94 67 27  9 56 27 40
20121009 7-6 6-4+2-2 3 5 34+111 80 67 32  6  7 15 48 46
20121010 3 2 2 2+2+3+3 2 20  15  7  7  9  9 18 15  7 11
20121011 3-2 1 1+2 1+1-2-13- 12  7  4  5  7  5  3  6  6
20121012 3+4 2+2 2+3 3-1+21  18 27  9  7  9 15 12  5 13
20121013 3+5 6-5+6-6-4+4-39- 18 48 67 56 67 67 32 22 47
20121014 4+3 3+4-4 3-3+4 28+ 32 15 18 22 27 12 18 27 21
20121015 4-3-2 2 2-1-2 1+16  22 12  7  7  6  3  7  5  9
20121016 1 1+2+1+1+2-1 1 11   4  5  9  5  5  6  4  4  5
20121017 3-2 2+1-1+1 1-3-13+ 12  7  9  3  5  4  3 12  7
20121018 3-1-1-1+1-2-1 1 10- 12  3  3  5  3  6  4  4  5
20121019 2+1-0+0 0+0+0+0+ 5-  9  3  2  0  2  2  2  2  3
20121020 0 0 0+0+0+0+1-0+ 2+  0  0  2  2  2  2  3  2  2
20121021 1-1-1 1-1-1-1-0+ 5+  3  3  4  3  3  3  3  2  3
20121022 1+1-0+0 0 1-1-0+ 4   5  3  2  0  0  3  3  2  2
20121023 2-2+2-2 2-2-2+1 14+  6  9  6  7  6  6  9  4  7
20121024 1+2 1-1-1-0+1-0  6+  5  7  3  3  3  2  3  0  3
20121025 1 1+0+1-1-0 0+1+ 6-  4  5  2  3  3  0  2  5  3
20121026 0+0+2-1-1-2-1 2- 8   2  2  6  3  3  6  4  6  4
20121027 2-1 1 1-1-0+0+1- 6+  6  4  4  3  3  2  2  3  3
20121028 0 1-2-1-1 0+1-0  5   0  3  6  3  4  2  3  0  3
20121029 0+0+1+0+0 0 0 1  3+  2  2  5  2  0  0  0  4  2
20121030 2-0 0+0+0 0 0+0+ 3   6  0  2  2  0  0  2  2  2
20121031 0 0 0+0+1 3 2-2+ 9-  0  0  2  2  4 15  6  9  5
20121101 3 3 3 4-3+5-4+3+28+ 15 15 15 22 18 39 32 18 22
20121102 2+2+1 0+1-1 1+2-11-  9  9  4  2  3  4  5  6  5
20121103 0 0 0+1-1+1 1-0+ 4+  0  0  2  3  5  4  3  2  2
20121104 0 1 0+0+1-0+0 0  3-  0  4  2  2  3  2  0  0  2
20121105 0 0 1-1-1-2-1-0+ 5-  0  0  3  3  3  6  3  2  2
20121106 1-0+1-1-1-2 1+1  7+  3  2  3  3  3  7  5  4  4
20121107 3-3+1+1+3 4-4 3 22+ 12 18  5  5 15 22 27 15 15
20121108 1 0 0+1 1-0 0+1+ 5-  4  0  2  4  3  0  2  5  2
20121109 0 0 1-0 0 0 0+0  1   0  0  3  0  0  0  2  0  1
20121110 0 0 0 0+1-0+1-2- 4-  0  0  0  2  3  2  3  6  2
20121111 0+0 0 0+1+1-0 0+ 3   2  0  0  2  5  3  0  2  2
20121112 1+0 0 0 0 1+1+4  8   5  0  0  0  0  5  5 27  5
20121113 5-3+2+3+3-3+3 4-26+ 39 18  9 18 12 18 15 22 19
20121114 6-6+6-4+4-2 1-1+30- 67 94 67 32 22  7  3  5 37
20121115 1+1-1-1 0+0+1-1+ 6+  5  3  3  4  2  2  3  5  3
20121116 2-2 1 1-1+2 3-2+14-  6  7  4  3  5  7 12  9  7
20121117 2-3 2-2 2 2 3-2+17+  6 15  6  7  7  7 12  9  9
20121118 1 2+1 1 1 1+0 2- 9+  4  9  4  4  4  5  0  6  4
20121119 1+0+2-1 2 2-0+1  9+  5  2  6  4  7  6  2  4  4
20121120 3-3-3-2+2 3 4+4-23+ 12 12 12  9  7 15 32 22 15
20121121 3 3 2+2-1-1 2-1 14+ 15 15  9  6  3  4  6  4  8
20121122 1 0+0+0+1-0 0+1+ 4+  4  2  2  2  3  0  2  5  2
20121123 0 0+1-1-0+0 1+5- 8   0  2  3  3  2  0  5 39  7
20121124 5-4 3+2 3 2 1+1+22- 39 27 18  7 15  7  5  5 15
20121125 1-2-1 0+1+1+1-1  8   3  6  4  2  5  5  3  4  4
20121126 3-2 1+1-0 1 1 0+ 9  12  7  5  3  0  4  4  2  5
20121127 0+1 1 1 1-1 1+1- 7   2  4  4  4  3  4  5  3  4
20121128 0+0+0 0 0 0 1-1  2+  2  2  0  0  0  0  3  4  1
20121129 0 1-0+1 0 1+1-0+ 4+  0  3  2  4  0  5  3  2  2
20121130 0 0 0 1-0 1-0 0+ 2-  0  0  0  3  0  3  0  2  1
20121201 1 1 0+0+1-1-2+2+ 9-  4  4  2  2  3  3  9  9  4
20121202 3-3-3-3-2 1-0+0 14- 12 12 12 12  7  3  2  0  8
20121203 0+1 1+1-1 1 1-1+ 7+  2  4  5  3  4  4  3  5  4
20121204 1+3-2 0+0+0 0+0  7   5 12  7  2  2  0  2  0  4
20121205 0 0 0 0+0 0 1-1+ 2+  0  0  0  2  0  0  3  5  1
20121206 0 0 0 0+0+0 0 0  1-  0  0  0  2  2  0  0  0  0
20121207 0 0 0 0 0 0 1-0  1-  0  0  0  0  0  0  3  0  0
20121208 0 0+0 0+0 0 0 0+ 1   0  2  0  2  0  0  0  2  1
20121209 1-1+0 1-1-1 1 3- 8   3  5  0  3  3  4  4 12  4
20121210 2+1-1-1-0+0+1-0+ 6   9  3  3  3  2  2  3  2  3
20121211 1+1 0 0 0 0 1-0+ 3+  5  4  0  0  0  0  3  2  2
20121212 0 0 1-0+1-0+0 1- 3-  0  0  3  2  3  2  0  3  2
20121213 2-1 0 0 0+0+1-0+ 4+  6  4  0  0  2  2  3  2  2
20121214 1 1 1-0+0 0+1 2- 6   4  4  3  2  0  2  4  6  3
20121215 2 3-2-2-3 2 2+2+18-  7 12  6  6 15  7  9  9  9
20121216 1+0+1+2-2-2 2-1 11   5  2  5  6  6  7  6  4  5
20121217 2+3-3-4-4-2+1-1-19-  9 12 12 22 22  9  3  3 12
20121218 2-2 2-2+2-2+0+1+13+  6  7  6  9  6  9  2  5  6
20121219 1 2+1 1 1+1 1 0+ 9   4  9  4  4  5  4  4  2  4
20121220 0+2-2-2-3 3 2 2-15   2  6  6  6 15 15  7  6  8
20121221 2+1+1 1 0+1-0+0+ 7+  9  5  4  4  2  3  2  2  4
20121222 0 0 0+0+0 0+0 0  1   0  0  2  2  0  2  0  0  1
20121223 0 0 0 0+1-1 0+0  2+  0  0  0  2  3  4  2  0  1
20121224 0 0 0 0+0+2+1-0+ 4   0  0  0  2  2  9  3  2  2
20121225 1 1-0 0+0 1-1 1+ 5   4  3  0  2  0  3  4  5  3
20121226 0+2-1-1-1 0 0 1- 5   2  6  3  3  4  0  0  3  3
20121227 1-0 0 0 0 0 0 0  1-  3  0  0  0  0  0  0  0  0
20121228 0 0 0 0+0+0 1 1- 2+  0  0  0  2  2  0  4  3  1
20121229 0+1+1 1 0+0 0 1+ 5+  2  5  4  4  2  0  0  5  3
20121230 1+0+1-1+2 2 2-0+10-  5  2  3  5  7  7  6  2  5
20121231 0 0 0 0+0 0+0+0+ 1+  0  0  0  2  0  2  2  2  1
