YYYYMMDD Kp[8]           Sum ap[8]                   Ap
20020101 2+3-2+1+1+1 3-2-15+  9 12  9  5  5  4 12  6  8
20020102 2 1-1 2 3-3-2+2 15+  7  3  4  7 12 12  9  7  8
20020103 1 1-1-1-0+1-0 0  4   4  3  3  3  2  3  0  0  2
20020104 1-1 0+1-1-1-1-1- 5+  3  4  2  3  3  3  3  3  3
20020105 1 1+0+0+0+0+0+0  4   4  5  2  2  2  2  2  0  2
20020106 0+0 0 0 1 1+0+1  4   2  0  0  0  4  5  2  4  2
20020107 0 1+1+2+1+3-3-2 14-  0  5  5  9  5 12 12  7  7
20020108 3 3 4-2-3 2-1 0+17+ 15 15 22  6 15  6  4  2 11
20020109 0 0 0 0+1-2-1+1- 5-  0  0  0  2  3  6  5  3  2
20020110 1+2-2+2+4 5 4 3+24   5  6  9  9 27 48 27 18 19
20020111 4+5 4+4-3+4+3+3 31+ 32 48 32 22 18 32 18 15 27
20020112 4-3+4-4-3-4-3 1+25  22 18 22 22 12 22 15  5 17
20020113 2+3-3 3+3 2+2 3+22   9 12 15 18 15  9  7 18 13
20020114 3-2+2-1+2+2 2-2 16  12  9  6  5  9  7  6  7  8
20020115 1+2-2 2+2 2 1+2 15-  5  6  7  9  7  7  5  7  7
20020116 1+1 2 1-1-1-1-0  7   5  4  7  3  3  3  3  0  4
20020117 3-2+1+2+2 3-1+2+17  12  9  5  9  7 12  5  9  8
20020118 3 2 1-1+1 1+0+0 10- 15  7  3  5  4  5  2  0  5
20020119 0 1 2-3 4-4 3+4-20+  0  4  6 15 22 27 18 22 14
20020120 4-3 2-2-2-2 2 2+18  22 15  6  6  6  7  7  9 10
20020121 4-3 2 2 2+3-3-2 20+ 22 15  7  7  9 12 12  7 11
20020122 1 1+2 2-2 2-1+2-13-  4  5  7  6  7  6  5  6  6
20020123 3-1+2-2 2-2 3 2+17- 12  5  6  7  6  7 15  9  8
20020124 2-3 0 0+0+1 0+0+ 7   6 15  0  2  2  4  2  2  4
20020125 1 1-1 2-3 4-4-2 17-  4  3  4  6 15 22 22  7 10
20020126 3 2+2 2 1+2 2 1 16- 15  9  7  7  5  7  7  4  8
20020127 3 2+2-2 2 2-1+2-16- 15  9  6  7  7  6  5  6  8
20020128 2+1 1 2+3-2 2-2 15   9  4  4  9 12  7  6  7  7
20020129 2 2 1 2-1-1-0+1- 9   7  7  4  6  3  3  2  3  4
20020130 1-0 0+0+1-1-1 1  5-  3  0  2  2  3  3  4  4  3
20020131 2+2-0+0+0+1 1 4-11-  9  6  2  2  2  4  4 22  6
20020201 4+3+2 2+4-3-1+2 22- 32 18  7  9 22 12  5  7 14
20020202 3+4 5-3+4-3 1+2+26- 18 27 39 18 22 15  5  9 19
20020203 2 2-1-1 1+2-0+0+ 9   7  6  3  4  5  6  2  2  4
20020204 0+2 0+1-1+2 2 3-11+  2  7  2  3  5  7  7 12  6
20020205 4 3 2 2+3+3+5 5-28- 27 15  7  9 18 18 48 39 23
20020206 4 4-5-4-4-3 3+2+28+ 27 22 39 22 22 15 18  9 22
20020207 3-3+3+3+4-2 2-3+23+ 12 18 18 18 22  7  6 18 15
20020208 3+2 2-3-3 3 2+2+20+ 18  7  6 12 15 15  9  9 11
20020209 3-3 2+2+2-1+3-4-20- 12 15  9  9  6  5 12 22 11
20020210 3 3 3-2-2+1+1 2-17- 15 15 12  6  9  5  4  6  9
20020211 3 2+2+3+3+3 3-3-23- 15  9  9 18 18 15 12 12 14
20020212 3+2+2+1+1+1+1 3+16+ 18  9  9  5  5  5  4 18  9
20020213 2+2 3 3+3 4-1+1 20-  9  7 15 18 15 22  5  4 12
20020214 0 0+2-1-1-1-0+0+ 5-  0  2  6  3  3  3  2  2  3
20020215 0 0+1 0+1-2-2-1  7-  0  2  4  2  3  6  6  4  3
20020216 1 1 1-1 1+2+1 1+10-  4  4  3  4  5  9  4  5  5
20020217 3-3+4 2+2+2 1 2 20- 12 18 27  9  9  7  4  7 12
20020218 1 2 2 1+2-3-4-4-18   4  7  7  5  6 12 22 22 11
20020219 3 1 2-1-1-1 2 1+11+ 15  4  6  3  3  4  7  5  6
20020220 2-1-2 2-3-2+2 3-16-  6  3  7  6 12  9  7 12  8
20020221 1+2 2+2-2 2-2 3 16   5  7  9  6  7  6  7 15  8
20020222 2 3 1 1 2-1 3 2 15-  7 15  4  4  6  4 15  7  8
20020223 2+1+1 1-1 1-0 1  8   9  5  4  3  4  3  0  4  4
20020224 2-1+1 2-2 1 1+1+11+  6  5  4  6  7  4  5  5  5
20020225 2 0 1+2-2+2-2 2+13+  7  0  5  6  9  6  7  9  6
20020226 2-2 2 2 2-2-2+3-16   6  7  7  7  6  6  9 12  8
20020227 3-1-1 1+2-1 1 2-11  12  3  4  5  6  4  4  6  6
20020228 2-4 3 3 3+3 4 6 28   6 27 15 15 18 15 27 80 25
20020301 5-3+2-1+2-1-1-0+14+ 39 18  6  5  6  3  3  2 10
20020302 1+1+1+1+1+2+2-1 12-  5  5  5  5  5  9  6  4  6
20020303 2-1+2+2+3 2 3 4-19+  6  5  9  9 15  7 15 22 11
20020304 3 2 2 2-2 3 3-3-19  15  7  7  6  7 15 12 12 10
20020305 4+4+3 3+3 4 3+3-28  32 32 15 18 15 27 18 12 21
20020306 2 3+4-3 3+4-4 2+25+  7 18 22 15 18 22 27  9 17
20020307 2-2 2+3 3 1+1 3-17   6  7  9 15 15  5  4 12  9
20020308 1 1+2+2+1-0+0+0  8+  4  5  9  9  3  2  2  0  4
20020309 0+0 1-1+2 3-2-1- 9+  2  0  3  5  7 12  6  3  5
20020310 0 1 1 3+3 1+1+3+14+  0  4  4 18 15  5  5 18  9
20020311 3-4 2-2 2 2 2 1+18- 12 27  6  7  7  7  7  5 10
20020312 2+2-3 3 2+3-2+3-20   9  6 15 15  9 12  9 12 11
20020313 2 1-2 1+2+1 1-0 10   7  3  7  5  9  4  3  0  5
20020314 0+0+0+1-1 1 1-0+ 5-  2  2  2  3  4  4  3  2  3
20020315 0 0+1+1-0+1+2+3- 9   0  2  5  3  2  5  9 12  5
20020316 1 0+1-1 1+1+1-0  6+  4  2  3  4  5  5  3  0  3
20020317 0 0 0 0+1-0+1 1- 3   0  0  0  2  3  2  4  3  2
20020318 2 1-1-1+5 3+3 3 19   7  3  3  5 48 18 15 15 14
20020319 5 5+3+2 1 1 2-2 21+ 48 56 18  7  4  4  6  7 19
20020320 1 0+0+0+3 4+3-1+13+  4  2  2  2 15 32 12  5  9
20020321 2 1+3-2-1+1+2+2-14+  7  5 12  6  5  5  9  6  7
20020322 3-3 2 2 1-1-0+0+12- 12 15  7  7  3  3  2  2  6
20020323 0 0 1-3 4-4-3+4 18+  0  0  3 15 22 22 18 27 13
20020324 5 6 6 5-4 5 3+3+37+ 48 80 80 39 27 48 18 18 45
20020325 2+2 1-1-2 3 2 1 14-  9  7  3  3  7 15  7  4  7
20020326 2+2+3-3+3 2-2 3 20+  9  9 12 18 15  6  7 15 11
20020327 1-1+2-0+1-1-1 1- 7   3  5  6  2  3  3  4  3  4
20020328 0+1-0 1-1 1-1-0+ 4+  2  3  0  3  4  3  3  2  2
20020329 0 0 0+1 1 1 1+3+ 8   0  0  2  4  4  4  5 18  5
20020330 2 4 4 3+4+3+3+3-27   7 27 27 18 32 18 18 12 20
20020331 2+4 4 4-3 3+4 3 27+  9 27 27 22 15 18 27 15 20
20020401 3+4-4+3+4-3 3 1+26- 18 22 32 18 22 15 15  5 18
20020402 2 4 4+4-2 1+2 1+21-  7 27 32 22  7  5  7  5 14
20020403 3+4 4-3 2 2 2+2 22+ 18 27 22 15  7  7  9  7 14
20020404 2-2 2-2-2 1-1-1-11   6  7  6  6  7  3  3  3  5
20020405 1 1+0+0+1 0+1+0+ 6   4  5  2  2  4  2  5  2  3
20020406 1 1+0+1 1 1 1 1  8-  4  5  2  4  4  4  4  4  4
20020407 2-1+2 2+3 2+1-1-14   6  5  7  9 15  9  3  3  7
20020408 0 0 1-1-1-0+1-0+ 3+  0  0  3  3  3  2  3  2  2
20020409 1-1 1 0+1 1-0+1- 6-  3  4  4  2  4  3  2  3  3
20020410 0 1-1 1+3-2+1+1+11-  0  3  4  5 12  9  5  5  5
20020411 2+1+3+4 3+3+2+3+23+  9  5 18 27 18 18  9 18 15
20020412 4+3-2+3-4-3-3-3 24  32 12  9 12 22 12 12 15 16
20020413 3 3+3-3+3+4-3 3+26- 15 18 12 18 18 22 15 18 17
20020414 3+3+1 1 4+4-1+0+18+ 18 18  4  4 32 22  5  2 13
20020415 2 1 0+0+2-2 2 2+12-  7  4  2  2  6  7  7  9  6
20020416 2 3-3-1-1+1-2-1+13   7 12 12  3  5  3  6  5  7
20020417 3 3 3-6 7-7+6+3 38  15 15 12 80111154 94 15 62
20020418 7 7-6-6-4+5-4 4+42+132111 67 67 32 39 27 32 63
20020419 4-4-4+6 6 6+7-5+42  22 22 32 80 80 94111 56 62
20020420 7 7+6-4+5 6 5-3-43-132154 67 32 48 80 39 12 70
20020421 2+2-1 1-1 1-1+2+11   9  6  4  3  4  3  5  9  5
20020422 3-4 2-2-2+3 2 1 18+ 12 27  6  6  9 15  7  4 11
20020423 1 5-6 3+3+4+2+3+28+  4 39 80 18 18 32  9 18 27
20020424 3+2-1+2-1+2 1+2 15- 18  6  5  6  5  7  5  7  7
20020425 2 1-0 0+1-1-1 0  5+  7  3  0  2  3  3  4  0  3
20020426 1-0+0+0+0+1 1+1+ 6-  3  2  2  2  2  4  5  5  3
20020427 1+1+1 2+3 3-3+3 18   5  5  4  9 15 12 18 15 10
20020428 4-5-4 3+3+3+2+2 27- 22 39 27 18 18 18  9  7 20
20020429 2 1 1+3-3 3-2 2+17   7  4  5 12 15 12  7  9  9
20020430 2 2 1+2 3-2 2-0+14   7  7  5  7 12  7  6  2  7
20020501 1 1+1 1 1 0+1-1- 7   4  5  4  4  4  2  3  3  4
20020502 2-1+0+1-2+2+1-1-10   6  5  2  3  9  9  3  3  5
20020503 1+2 1+1-1+1+2-1-10+  5  7  5  3  5  5  6  3  5
20020504 1-2-2 1-1-1 2-1  9+  3  6  7  3  3  4  6  4  4
20020505 1-0+0+1 1 0+1-1+ 6-  3  2  2  4  4  2  3  5  3
20020506 1-1-1 1+2 3 2+3 14   3  3  4  5  7 15  9 15  8
20020507 2+1+1 1 2 2+3-3 16-  9  5  4  4  7  9 12 15  8
20020508 3 3-2+1+1+2-2-2-16- 15 12  9  5  5  6  6  6  8
20020509 3-1 2 2+2-0+1-1 12- 12  4  7  9  6  2  3  4  6
20020510 2 2-3 4-2+3 3+4 23   7  6 15 22  9 15 18 27 15
20020511 1 1-2 6-7-7-5+4+32+  4  3  7 67111111 56 32 49
20020512 5-3 4-2 3-2+2 2+23- 39 15 22  7 12  9  7  9 15
20020513 4-3-1 1+2+1+1 1 14+ 22 12  4  5  9  5  4  4  8
20020514 4-5-4+4-4-4 5 4-33- 22 39 32 22 22 27 48 22 29
20020515 4-3+2+2+2-2+3-2 20+ 22 18  9  9  6  9 12  7 12
20020516 2-2 2-2 2-1+2 2+15-  6  7  6  7  6  5  7  9  7
20020517 1 0+1+1 2+1+2-1+10+  4  2  5  4  9  5  6  5  5
20020518 1+1 1 1 1+1 5+4+16+  5  4  4  4  5  4 56 32 14
20020519 3+4 4 1 1-0+0+1-14+ 18 27 27  4  3  2  2  3 11
20020520 1-3-2 3+2 2+3+2 18+  3 12  7 18  7  9 18  7 10
20020521 3+1 3+1 2-1-1+4-16  18  4 18  4  6  3  5 22 10
20020522 2-1+2-3-2+2 2+2-16-  6  5  6 12  9  7  9  6  8
20020523 3-3-2 7-8-8+5 3+38+ 12 12  7111179236 48 18 78
20020524 1-0+0+0+0+0 0+1- 3   3  2  2  2  2  0  2  3  2
20020525 1-0+0+0+1+2 1+1  7+  3  2  2  2  5  7  5  4  4
20020526 1+1 1+1+1+2+2-3 13+  5  4  5  5  5  9  6 15  7
20020527 3+2+5-4-4 5-2+3-28- 18  9 39 22 27 39  9 12 22
20020528 2+3-3-1+2+2+2+2 18   9 12 12  5  9  9  9  7  9
20020529 3 2-2-1 3-1 1 1 13  15  6  6  4 12  4  4  4  7
20020530 2-1+2 1+2 2-1 1+12+  6  5  7  5  7  6  4  5  6
20020531 1+1 0+1-1-1-1-1- 6   5  4  2  3  3  3  3  3  3
20020601 0 0+1-1-0+1 1+2+ 7-  0  2  3  3  2  4  5  9  4
20020602 4 3+2 2+3-3 3+4-24+ 27 18  7  9 12 15 18 22 16
20020603 3 3+2+1 2-1 3-2+17+ 15 18  9  4  6  4 12  9 10
20020604 3+3 4 3-3-2+2-2 22- 18 15 27 12 12  9  6  7 13
20020605 3 2+1+1-1+1 1+1+12+ 15  9  5  3  5  4  5  5  6
20020606 2-1+1+1 0+1 1 1+ 9   6  5  5  4  2  4  4  5  4
20020607 1+1 1 1 1 1 1+2+10   5  4  4  4  4  4  5  9  5
20020608 1-1 1 2 4 4-4-4-20-  3  4  4  7 27 22 22 22 14
20020609 3-3-2 2-1+2-3-2 17- 12 12  7  6  5  6 12  7  8
20020610 2-2 3+3-3+4-3 3-22+  6  7 18 12 18 22 15 12 14
20020611 2+2-2+2+2-2 2+2 17-  9  6  9  9  6  7  9  7  8
20020612 3-2-1-2-2-1+1+2 13  12  6  3  6  6  5  5  7  6
20020613 1+2+2-1+2-2+3-1+15-  5  9  6  5  6  9 12  5  7
20020614 2-1-1 1-1 1 1 1  8   6  3  4  3  4  4  4  4  4
20020615 1 1-1-1-1-0+1 2+ 7+  4  3  3  3  3  2  4  9  4
20020616 2 2-3-2-3-1 1+2 15   7  6 12  6 12  4  5  7  7
20020617 2+1+1+1 1-1 1-1- 9   9  5  5  4  3  4  3  3  4
20020618 1-1-1-2+3+3 3+3-17-  3  3  3  9 18 15 18 12 10
20020619 4-3-2+3-1+2+2 3 20  22 12  9 12  5  9  7 15 11
20020620 2 2 2 2-1 1-1 1-11   7  7  7  6  4  3  4  3  5
20020621 2-2+1 1+2+2 2+1+14+  6  9  4  5  9  7  9  5  7
20020622 1 1-1-1+1+2 2 3-12-  4  3  3  5  5  7  7 12  6
20020623 2-2+3 3 2+1+2 2 18-  6  9 15 15  9  5  7  7  9
20020624 2-2-1+1+1 2 1+1-11   6  6  5  5  4  7  5  3  5
20020625 2 1+1 2-3+1+2-3-15   7  5  4  6 18  5  6 12  8
20020626 3-1 0+0+2-2+1 1 10+ 12  4  2  2  6  9  4  4  5
20020627 1 0+0+0+0+0+1 0  4-  4  2  2  2  2  2  4  0  2
20020628 0+0+0+0+1-1 1-0+ 4   2  2  2  2  3  4  3  2  2
20020629 1 1-0+1+1 1+2+2+10+  4  3  2  5  4  5  9  9  5
20020630 2+3-3 3-3-2+2+3+21+  9 12 15 12 12  9  9 18 12
20020701 3 3+2 3 4-3 3-1 22- 15 18  7 15 22 15 12  4 14
20020702 2+1 1+1-0+1-2-1+ 9+  9  4  5  3  2  3  6  5  5
20020703 1-1-1-1 1+1-2-1- 7+  3  3  3  4  5  3  6  3  4
20020704 1+1-1-0+1-0+1+3  8+  5  3  3  2  3  2  5 15  5
20020705 2 1+2+2 2+3-4 3+20   7  5  9  7  9 12 27 18 12
20020706 4 4+3+4 3+4-3+3 29  27 32 18 27 18 22 18 15 22
20020707 3+1+2-1+2 2+2+1 15+ 18  5  6  5  7  9  9  4  8
20020708 2 1+1 2-2 1+2-4 15   7  5  4  6  7  5  6 27  8
20020709 3 2+3-3-2+3 3 3-22- 15  9 12 12  9 15 15 12 12
20020710 2 2-2+2-2-1+2+2 15   7  6  9  6  6  5  9  7  7
20020711 1+0+1-1 2-1 2 3-11-  5  2  3  4  6  4  7 12  5
20020712 2 3-3 5-4 4 3 2 25+  7 12 15 39 27 27 15  7 19
20020713 2 2 1+1+2-2-2-1 13-  7  7  5  5  6  6  6  4  6
20020714 0+0+1-1-0+1-1-0+ 4   2  2  3  3  2  3  3  2  2
20020715 1-0+1+1-1 1+2-1+ 8+  3  2  5  3  4  5  6  5  4
20020716 2-2 1+2-3-3 4 3+20-  6  7  5  6 12 15 27 18 12
20020717 3-4-3 2+2+5 4 3 26  12 22 15  9  9 48 27 15 20
20020718 3-2-2-2-1-0+0+0+ 9+ 12  6  6  6  3  2  2  2  5
20020719 0+1-0+3+2 3+2-4 16-  2  3  2 18  7 18  6 27 10
20020720 4+4+3-2 2-2+3 4 24+ 32 32 12  7  6  9 15 27 18
20020721 4+5-3+1+4-4-3+1 25+ 32 39 18  5 22 22 18  4 20
20020722 2+2+4 4-3+3 3-3 24+  9  9 27 22 18 15 12 15 16
20020723 4-2 2+2 3-3+4-5-24+ 22  7  9  7 12 18 22 39 17
20020724 3-2 2-2-2 1 2 1+14+ 12  7  6  6  7  4  7  5  7
20020725 2+2+2-3-3-3-3 4-21   9  9  6 12 12 12 15 22 12
20020726 3+3-2 3-2 3 3-3 21+ 18 12  7 12  7 15 12 15 12
20020727 4-3 2+3+4 3+3 3 26- 22 15  9 18 27 18 15 15 17
20020728 4-3 2+2-2 3-2 2 19+ 22 15  9  6  7 12  7  7 11
20020729 2-2+2 1 4+3 2-1+17+  6  9  7  4 32 15  6  5 10
20020730 1+1+1 1-1 2 3 2+13-  5  5  4  3  4  7 15  9  6
20020731 2-1 1-2 2+3 2 1 14-  6  4  3  7  9 15  7  4  7
20020801 1-3+3+4 5+4 3 5-28+  3 18 18 27 56 27 15 39 25
20020802 6 6 4-2+4+4-4 6-36- 80 80 22  9 32 22 27 67 42
20020803 5-3-3+3-2 2 3-2 22  39 12 18 12  7  7 12  7 14
20020804 3+4+3+3-1+2-2+1-20- 18 32 18 12  5  6  9  3 13
20020805 1 1+1 1 1-1 1+2  9+  4  5  4  4  3  4  5  7  4
20020806 2 1+1-1-1+0+0+1- 7+  7  5  3  3  5  2  2  3  4
20020807 2 1 1 1 1-1+1+1- 9   7  4  4  4  3  5  5  3  4
20020808 1 2-0+1 2-1+2+3 12+  4  6  2  4  6  5  9 15  6
20020809 2-1 2 2-4 3+4-3+21-  6  4  7  6 27 18 22 18 14
20020810 4-5-2 3-3+2 2-3-23- 22 39  7 12 18  7  6 12 15
20020811 1-1+2-3-4+4-3+2+20   3  5  6 12 32 22 18  9 13
20020812 3 3 3-3-3 2-2 3-21- 15 15 12 12 15  6  7 12 12
20020813 3 3 2 2-1+1 2 2 16  15 15  7  6  5  4  7  7  8
20020814 2-2-2 2 4-4-3-3 20+  6  6  7  7 22 22 12 15 12
20020815 2 2-2+3+3 3+5+5 26   7  6  9 18 15 18 56 48 22
20020816 3-2+4+2+3-2-1+1 18+ 12  9 32  9 12  6  5  4 11
20020817 1-3 3+1+2 1+2 2 16-  3 15 18  5  7  5  7  7  8
20020818 3+3-1+1+2 2-5+5+23  18 12  5  5  7  6 56 56 21
20020819 4+4 5 4 3+3 4-5 32+ 32 27 48 27 18 15 22 48 30
20020820 3+4 2-2-1+3+6-6+27+ 18 27  6  6  5 18 67 94 30
20020821 5+5+5+3 4 3-3 3 32- 56 56 56 15 27 12 15 15 32
20020822 3 3-3-1 1 1+2-1 14+ 15 12 12  4  4  5  6  4  8
20020823 1 1+2-2-1 1+3-3-13+  4  5  6  6  4  5 12 12  7
20020824 2 1 1 1 1+1 1-1- 9-  7  4  4  4  5  4  3  3  4
20020825 2-1 2-1+1 1-1-2+10+  6  4  6  5  4  3  3  9  5
20020826 2 2 2-3+4-5-3+3 24-  7  7  6 18 22 39 18 15 16
20020827 3-4-2+3-3-3-2 3+22  12 22  9 12 12 12  7 18 13
20020828 2 2-2 1+1+2-2+2+15-  7  6  7  5  5  6  9  9  7
20020829 3 1 1-1+3 3 2-1+15  15  4  3  5 15 15  6  5  8
20020830 1 3-3 2-3-2-2+0+15+  4 12 15  6 12  6  9  2  8
20020831 1-1+2-2+2 1+2-3+14+  3  5  6  9  7  5  6 18  7
20020901 4-2+2 2-2-1+2 4 19- 22  9  7  6  6  5  7 27 11
20020902 3+2+2-3 2 1 1-1-15- 18  9  6 15  7  4  3  3  8
20020903 0+1-1-2+1+1-3+3-12   2  3  3  9  5  3 18 12  7
20020904 4+6+4+5 5-5-5-3-37- 32 94 32 48 39 39 39 12 42
20020905 2 3+2-2-2-2-1+1+15-  7 18  6  6  6  6  5  5  7
20020906 2-2 2+2 3-1+1+1+15-  6  7  9  7 12  5  5  5  7
20020907 2 3+3 2-3-7-7+7 34-  7 18 15  6 12111154132 57
20020908 7+6-3+2-1-2 3 4-27+154 67 18  6  3  7 15 22 36
20020909 2-1-0+1-2-2 3+4 14+  6  3  2  3  6  7 18 27  9
20020910 4-2+2-3 4 5-4+5-28+ 22  9  6 15 27 39 32 39 24
20020911 2+2+4 5 3 5-4-5-30-  9  9 27 48 15 39 22 39 26
20020912 3+3 3-3 3+3-3 2 23  18 15 12 15 18 12 15  7 14
20020913 3+3 3 3 2-1+2 1+19- 18 15 15 15  6  5  7  5 11
20020914 3-3 2+2+2-1+1+1-15+ 12 15  9  9  6  5  5  3  8
20020915 2-1 1+2-1+2-2+2 13   6  4  5  6  5  6  9  7  6
20020916 1 1 1+2-3 1+1+0+11   4  4  5  6 15  5  5  2  6
20020917 0+3-2 3 3-3-3-3 19   2 12  7 15 12 12 12 15 11
20020918 4-3-2+3+4-3-2 3-23  22 12  9 18 22 12  7 12 14
20020919 3-1+2 3 4-5-2 3 22+ 12  5  7 15 22 39  7 15 15
20020920 2 2-1 1-0+1-0+1+ 8   7  6  4  3  2  3  2  5  4
20020921 2-1 1 2 2+3-1 1-12+  6  4  4  7  9 12  4  3  6
20020922 2 1+2 1-2 3-2-1+14-  7  5  7  3  7 12  6  5  6
20020923 1 0+1-0 0 1-1-0  3+  4  2  3  0  0  3  3  0  2
20020924 0 0 0+1+1+0+1 0+ 5-  0  0  2  5  5  2  4  2  2
20020925 0 0 0 0+1+1 0+1  4   0  0  0  2  5  4  2  4  2
20020926 2-1-1 1 1-1+2-3-11-  6  3  4  4  3  5  6 12  5
20020927 3 1+0+1+2-2-1-2-12- 15  5  2  5  6  6  3  6  6
20020928 2 1+1 1-0+1+2-1+10-  7  5  4  3  2  5  6  5  5
20020929 0+1-1 0+1+1 1-2- 7   2  3  4  2  5  4  3  6  4
20020930 2-4-4 5 5 3+3+5-31-  6 22 27 48 48 18 18 39 28
20021001 2-3-5-6-7-7+5-7-40   6 12 39 67111154 39111 67
20021002 7 7+5+4-3-3+3-3+35+132154 56 22 12 18 12 18 53
20021003 6 3-4-3 4-5 6+6-36  80 12 22 15 22 48 94 67 45
20021004 7+6-6 5-4 4-6+4+42 154 67 80 39 27 22 94 32 64
20021005 4+4+3-3+5-5+3+3 31  32 32 12 18 39 56 18 15 28
20021006 2-3+4-3 1+2-4-4 22+  6 18 22 15  5  6 22 27 15
20021007 3+5+6-4-5 5-6-6-39  18 56 67 22 48 39 67 67 48
20021008 5-6 4+4 4 4+3+2+33  39 80 32 27 27 32 18  9 33
20021009 1 3 4+3+4-4 4-3+26+  4 15 32 18 22 27 22 18 20
20021010 3 4-4 4 2+2 1+3 23+ 15 22 27 27  9  7  5 15 16
20021011 1+2 2 2-2 2-1 2-13+  5  7  7  6  7  6  4  6  6
20021012 2-1 1+2+2-2 1-2-12+  6  4  5  9  6  7  3  6  6
20021013 1+2-2-1 1 1 2-2-11   5  6  6  4  4  4  6  6  5
20021014 3-4-5-3+5-4-3 3 29- 12 22 39 18 39 22 15 15 23
20021015 3-3+3-4 3-4 4-3-26- 12 18 12 27 12 27 22 12 18
20021016 3+2-2-2+3-3 6-3 23+ 18  6  6  9 12 15 67 15 18
20021017 4-3+3-2-3 2 2+3-21+ 22 18 12  6 15  7  9 12 13
20021018 3+3+2+2 3 3 3-3 23- 18 18  9  7 15 15 12 15 14
20021019 3-3+3-2 2 2+4-4-22+ 12 18 12  7  7  9 22 22 14
20021020 3 3+2-2+3-2-2-3-19  15 18  6  9 12  6  6 12 10
20021021 2 3-3-2-2 2 2-2 17-  7 12 12  6  7  7  6  7  8
20021022 3 2-2-4-2+2-3-1 18- 15  6  6 22  9  6 12  4 10
20021023 1 1 2 2 3 3+3 3+19-  4  4  7  7 15 18 15 18 11
20021024 5 6-4+6 6 6+6-5-44- 48 67 32 80 80 94 67 39 63
20021025 6 5 5 4+5-3 3+4+36- 80 48 48 32 39 15 18 32 39
20021026 4 4 4-5-4 4 4+3 32- 27 27 22 39 27 27 32 15 27
20021027 3 4 4-3-4-4 4 5 30  15 27 22 12 22 27 27 48 25
20021028 5-4-3+3+3 2+3+3-26+ 39 22 18 18 15  9 18 12 19
20021029 3+3-3 4-3-2-3 3 23  18 12 15 22 12  6 15 15 14
20021030 2 3-5 3-2 2+3+3 23   7 12 48 12  7  9 18 15 16
20021031 4 3+3 3+4 4 3+2 27  27 18 15 18 27 27 18  7 20
20021101 2 1+2 2-1 2+2 2+15-  7  5  7  6  4  9  7  9  7
20021102 5-3 3+4 4-4-5 4+32- 39 15 18 27 22 22 48 32 28
20021103 4-5-4 4 4+5+5-5-35+ 22 39 27 27 32 56 39 39 35
20021104 4 4 4-3+3-4 3 5-29+ 27 27 22 18 12 27 15 39 23
20021105 3+5-4-4 4 3+3 4-30- 18 39 22 27 27 18 15 22 24
20021106 4 3+3+3+3+3+4+4-29- 27 18 18 18 18 18 32 22 21
20021107 4-3+2+3 2+3-3-2-22- 22 18  9 15  9 12 12  6 13
20021108 1 1+1+2-1+1-2 0+10-  4  5  5  6  5  3  7  2  5
20021109 1-0 1 1-1-2-3-3 10+  3  0  4  3  3  6 12 15  6
20021110 4-4+5 2-2 2 2-2+23- 22 32 48  6  7  7  6  9 17
20021111 2 2 3 3+4-1+2+3-20+  7  7 15 18 22  5  9 12 12
20021112 2 3-2+4 3+2-4 4 24   7 12  9 27 18  6 27 27 17
20021113 4 4-2+3-3 2-2-2 21  27 22  9 12 15  6  6  7 13
20021114 3 2 1+2-2 3-2 2 17- 15  7  5  6  7 12  7  7  8
20021115 3 3-3-3 2+2 2+3 21  15 12 12 15  9  7  9 15 12
20021116 3 1+1 0+1 1-2-3+12+ 15  5  4  2  4  3  6 18  7
20021117 4-2+1 0+1-2-1 2 13- 22  9  4  2  3  6  4  7  7
20021118 3 2 2-1+2+2 3 3 18+ 15  7  6  5  9  7 15 15 10
20021119 3 3+3+2 2 2-3+4 23- 15 18 18  7  7  6 18 27 14
20021120 3+3-1+2+1 4 6 5 26- 18 12  5  9  4 27 80 48 25
20021121 4+5+7-5+5-4+5-4+40- 32 56111 56 39 32 39 32 50
20021122 5-4-3+4-5-4 3 4-31- 39 22 18 22 39 27 15 22 26
20021123 4 4+3 3-3-3+3-2 25- 27 32 15 12 12 18 12  7 17
20021124 3 3+3-3 2+4-3 3 24  15 18 12 15  9 22 15 15 15
20021125 3-3-3 3+3+4-2 3+24  12 12 15 18 18 22  7 18 15
20021126 3 2+1 1+2 2-2+5 19- 15  9  4  5  7  6  9 48 13
20021127 5 5 4+3-3+2 3-3-28- 48 48 32 12 18  7 12 12 24
20021128 3-3 3 2-3-3 3+2 21+ 12 15 15  6 12 15 18  7 12
20021129 3-2+3 2 3-3+3+3+23- 12  9 15  7 12 18 18 18 14
20021130 3+4-4-3 3 3-2+3 25- 18 22 22 15 15 12  9 15 16
20021201 4-3+3 3+3+4-2+4-26+ 22 18 15 18 18 22  9 22 18
20021202 3-3-3-3-2 3+3 3 22  12 12 12 12  7 18 15 15 13
20021203 3-3 2 3-3 2 3-2-20- 12 15  7 12 15  7 12  6 11
20021204 2-2 3-2 2+4-4-3-21-  6  7 12  7  9 22 22 12 12
20021205 3 3-2+2 2 2 2-2-17+ 15 12  9  7  7  7  6  6  9
20021206 2-2+2-2+1 3 2+3 17+  6  9  6  9  4 15  9 15  9
20021207 4-3 3 4-3+3 3+3+26+ 22 15 15 22 18 15 18 18 18
20021208 2 4 2 1+3-3+3-2+20+  7 27  7  5 12 18 12  9 12
20021209 3 1-1-1 1+2-1 1+11- 15  3  3  4  5  6  4  5  6
20021210 2+1 1 1 0+1 1+2 10   9  4  4  4  2  4  5  7  5
20021211 0+1+2-2-1+1 1 1- 9   2  5  6  6  5  4  4  3  4
20021212 1+1+1-1 1+1+1+1+10-  5  5  3  4  5  5  5  5  5
20021213 2-1+0+1-1 1+1+2- 9+  6  5  2  3  4  5  5  6  4
20021214 2 2 2 2+2+4 4-3+22-  7  7  7  9  9 27 22 18 13
20021215 3+2 1+2-2+1+2 2-16- 18  7  5  6  9  5  7  6  8
20021216 2-1+2-2-1+1 1-2-11   6  5  6  6  5  4  3  6  5
20021217 2 1 0+0 0+0+1-1- 5+  7  4  2  0  2  2  3  3  3
20021218 1-1-1-0+1+1-0+1- 5+  3  3  3  2  5  3  2  3  3
20021219 3-4-4+4+4+4 5-2 30  12 22 32 32 32 27 39  7 25
20021220 3+4 2 2+3+3+4+5-27+ 18 27  7  9 18 18 32 39 21
20021221 5 6-3-2-2 3 2-2+24  48 67 12  6  7 15  6  9 21
20021222 2+1+1 2 3+2+3+3-18+  9  5  4  7 18  9 18 12 10
20021223 3+3 4 4+4 3 4 4 30- 18 15 27 32 27 15 27 27 24
20021224 4-1 3-3 5-4+4-3 26  22  4 12 15 39 32 22 15 20
20021225 3 3-3-2 3+2+3+2-21  15 12 12  7 18  9 18  6 12
20021226 2-2-2-3 3+3+3 5-22+  6  6  6 15 18 18 15 39 15
20021227 5-6 5-4+4+4+4-3+35+ 39 80 39 32 32 32 22 18 37
20021228 3+4-4+4 3 3+3-2+27- 18 22 32 27 15 18 12  9 19
20021229 3 2 2+3-2+4-3 3-22- 15  7  9 12  9 22 15 12 13
20021230 3+2-3-2 3-2+3 2+20  18  6 12  7 12  9 15  9 11
20021231 3+2+2-2 2-1-0+1+13+ 18  9  6  7  6  3  2  5  7

