YYYYMMDD Kp[8]           Sum ap[8]                   Ap
20040101 3+4-4 4-5-4-4-4-30+ 18 22 27 22 39 22 22 22 24
20040102 4 3 2 2+3 3 3+3 24- 27 15  7  9 15 15 18 15 15
20040103 3-3+4 4+3+3 5-3+29- 12 18 27 32 18 15 39 18 22
20040104 3+4-4-4-4-4+4-3 29  18 22 22 22 22 32 22 15 22
20040105 4 3+3+3 4 5-4 4+31- 27 18 18 15 27 39 27 32 25
20040106 4-4-4 2+2-2 3 6 26+ 22 22 27  9  6  7 15 80 24
20040107 4-4+5 4+4+4+4-3-32+ 22 32 48 32 32 32 22 12 29
20040108 2-0+1-2 2 1+2 3+13+  6  2  3  7  7  5  7 18  7
20040109 3 3+5 3+3+4+4-3-29- 15 18 48 18 18 32 22 12 23
20040110 3+4+5+4-4 4-4 2 30+ 18 32 56 22 27 22 27  7 26
20040111 2 1+3-4-5-5-3+2 24+  7  5 12 22 39 39 18  7 19
20040112 1+2 0+0+2 3-3+4-16-  5  7  2  2  7 12 18 22  9
20040113 3+3-2 2 4+4+4-4 26+ 18 12  7  7 32 32 22 27 20
20040114 4 3-2-2 3 2+2 3-20+ 27 12  6  7 15  9  7 12 12
20040115 2+3 1 2-4 4 4 4 24   9 15  4  6 27 27 27 27 18
20040116 5-3+2+4+4-5-5-4+32  39 18  9 32 22 39 39 32 29
20040117 3 3+3 3+3-3 4 4 26+ 15 18 15 18 12 15 27 27 18
20040118 2+4-4-3-3-2-4+4+25+  9 22 22 12 12  6 32 32 18
20040119 3 3-2+3-4-4+3+4-26- 15 12  9 12 22 32 18 22 18
20040120 3+4-3 3-4-4+3-3 26+ 18 22 15 12 22 32 12 15 18
20040121 2+3 4-3-3+2+3+3-23+  9 15 22 12 18  9 18 12 14
20040122 5 5 5 7 7-4 5+5-43- 48 48 48132111 27 56 39 64
20040123 4+4+4 5-4+6 6-4+38- 32 32 27 39 32 80 67 32 43
20040124 5 3 2+3+2+3-3 3+25  48 15  9 18  9 12 15 18 18
20040125 5+6-4+4+4+4+4-4 36  56 67 32 32 32 32 22 27 38
20040126 4 2+3-3+3 3-4 4-26- 27  9 12 18 15 12 27 22 18
20040127 4 3+3 2+3+3+3-3+25+ 27 18 15  9 18 18 12 18 17
20040128 6-4-3 3-3 3 4-3 28- 67 22 15 12 15 15 22 15 23
20040129 2-2+2 3 3-1 1+3-17-  6  9  7 15 12  4  5 12  9
20040130 2+3 3 5-4-3 3+4-27-  9 15 15 39 22 15 18 22 19
20040131 2-2-2+4+3-2-2-2-18-  6  6  9 32 12  6  6  6 10
20040201 2+3+2+1+2+2-2+3 19-  9 18  9  5  9  6  9 15 10
20040202 2-2-4+4-3+4 2+4-25-  6  6 32 22 18 27  9 22 18
20040203 4+4-4 3 3+4-3 3-28- 32 22 27 15 18 22 15 12 20
20040204 4 2 3+3 3-3-3-3+24- 27  7 18 15 12 12 12 18 15
20040205 3+3 3 3 2-2 2+3-21  18 15 15 15  6  7  9 12 12
20040206 2-4 5-4+3 4-4-2 27   6 27 39 32 15 22 22  7 21
20040207 2 2 3-2 2+1-2-1+15-  7  7 12  7  9  3  6  5  7
20040208 0 0+1-1-1-1 1+3- 7+  0  2  3  3  3  4  5 12  4
20040209 1+0 2-1 3-2 3-2 13+  5  0  6  4 12  7 12  7  7
20040210 2 1+1+2 2-2+1-2-13   7  5  5  7  6  9  3  6  6
20040211 2 1-1 3 5-6+5 3-25+  7  3  4 15 39 94 48 12 28
20040212 3+4 5 4+4-4+5-3+33- 18 27 48 32 22 32 39 18 30
20040213 4+4+3+4-4-4-4-4 31- 32 32 18 22 22 22 22 27 25
20040214 4-3 3-3+4-4 4-4-28- 22 15 12 18 22 27 22 22 20
20040215 4 5-4 5-2 4-3-3 29- 27 39 27 39  7 22 12 15 24
20040216 4-1+1-2 1 1-1+1 12- 22  5  3  7  4  3  5  4  7
20040217 1+2-0+1-0+1 1+2- 8+  5  6  2  3  2  4  5  6  4
20040218 2+2-1 1-1+3 3-2+15   9  6  4  3  5 15 12  9  8
20040219 3 2+2-1+0+1 2 3-14+ 15  9  6  5  2  4  7 12  8
20040220 1+2-0+0+1-2-2 1  9   5  6  2  2  3  6  7  4  4
20040221 2+1+0+1+3-2-2 2 14-  9  5  2  5 12  6  7  7  7
20040222 2 1-1 2 3 2 3-3-16   7  3  4  7 15  7 12 12  8
20040223 2+2+2-2+2+2+2+3-18+  9  9  6  9  9  9  9 12  9
20040224 3+3-2+2 2 2+3-3 20+ 18 12  9  7  7  9 12 15 11
20040225 2+2-1 2-2-0+2-2+13-  9  6  4  6  6  2  6  9  6
20040226 2-1+0+0+1 0 0+1- 6-  6  5  2  2  4  0  2  3  3
20040227 1 4-2-2+2-1+4 3+19   4 22  6  9  6  5 27 18 12
20040228 2-3+4 3+3 3+4-4 26+  6 18 27 18 15 18 22 27 19
20040229 2 3+3-5+4+3 4-4+29-  7 18 12 56 32 15 22 32 24
20040301 3+2+3 2+3+5-4 4+27+ 18  9 15  9 18 39 27 32 21
20040302 4+3 4+2+3 3 4 4-28- 32 15 32  9 15 15 27 22 21
20040303 2 2+2 4+3+3-3-1+21-  7  9  7 32 18 12 12  5 13
20040304 1+2-2 2 1 2 2 1 13   5  6  7  7  4  7  7  4  6
20040305 2 2 2-2-1-1-0+2-11-  7  7  6  6  3  3  2  6  5
20040306 1+2 1 1-0+0+0+0  6   5  7  4  3  2  2  2  0  3
20040307 0 0 1-1+1-1-1 2- 6   0  0  3  5  3  3  4  6  3
20040308 1-1 2+2-0+1-0 0  7-  3  4  9  6  2  3  0  0  3
20040309 1-2 2+3 3+5+5 6-27+  3  7  9 15 18 56 48 67 28
20040310 5+6 6+4-4 3-4-5 37- 56 80 94 22 27 12 22 48 45
20040311 4+4 4-3-4 6-6+5-35+ 32 27 22 12 27 67 94 39 40
20040312 6-5-4-3 3 5-3-3 30+ 67 39 22 15 15 39 12 15 28
20040313 3+2 4+3-3 2+3-2+23- 18  7 32 12 15  9 12  9 14
20040314 3+2+3+3+3+2+4+2+25- 18  9 18 18 18  9 32  9 16
20040315 4-3+2-3 3+3 3+2+24- 22 18  6 15 18 15 18  9 15
20040316 3 2 1-2+2-3-3-3-18- 15  7  3  9  6 12 12 12 10
20040317 3-3-1-1 1-1 2+1+12+ 12 12  3  4  3  4  9  5  6
20040318 3 3 2+2-2 2 2+3 19+ 15 15  9  6  7  7  9 15 10
20040319 4-2+0+1+1 1-2-2 13  22  9  2  5  4  3  6  7  7
20040320 3-3+1 1+2 4 2+3-19+ 12 18  4  5  7 27  9 12 12
20040321 3+3 2+2+3-2+3-2-20+ 18 15  9  9 12  9 12  6 11
20040322 3 3 3 1 1+3+3 3 21- 15 15 15  4  5 18 15 15 13
20040323 3+2 2 1+0+1 2+2-14  18  7  7  5  2  4  9  6  7
20040324 1+1 0+0+0+0+0+1- 5-  5  4  2  2  2  2  2  3  3
20040325 0+0 0+0+1 2+2 2- 8   2  0  2  2  4  9  7  6  4
20040326 2-1 2-1+4-4+5-4-22   6  4  6  5 22 32 39 22 17
20040327 3-2+2+4-3+4+3 5+27  12  9  9 22 18 32 15 56 22
20040328 4-5+4-3+3 3+3 1+27- 22 56 22 18 15 18 15  5 21
20040329 2-3-2+2+3 3+2-2+19+  6 12  9  9 15 18  6  9 10
20040330 2-2+3+4+4 2 1+1+20+  6  9 18 32 27  7  5  5 14
20040331 2-2 3 1+2+2+3+1+17+  6  7 15  5  9  9 18  5  9
20040401 0+0+1 1-2-1-2-1  7+  2  2  4  3  6  3  6  4  4
20040402 2-0+0+1-0+1-1-0+ 5   6  2  2  3  2  3  3  2  3
20040403 2 3 3-3-5-6-6+6 33   7 15 12 12 39 67 94 80 41
20040404 6+2+1+1+2-2+2-2 19  94  9  5  5  6  9  6  7 18
20040405 1 1-0+1 4-4+6+4+22-  4  3  2  4 22 32 94 32 24
20040406 5 4 4+5-3+2-3+3 29+ 48 27 32 39 18  6 18 15 25
20040407 3 3+3-2 2-2-3+3+21  15 18 12  7  6  6 18 18 12
20040408 3 4-3 4-3 2+2 2+23  15 22 15 22 15  9  7  9 14
20040409 3+5-4+3 2 2-2+2-23  18 39 32 15  7  6  9  6 16
20040410 2+3 3-1 1 1 3+4-18   9 15 12  4  4  4 18 22 11
20040411 4-2+2 1+1+2 3 2+18  22  9  7  5  5  7 15  9 10
20040412 3+2+3-2-1+1+4-1+18- 18  9 12  6  5  5 22  5 10
20040413 2+2 1+1+2 1 2+1+14-  9  7  5  5  7  4  9  5  6
20040414 2+2 1-0 1-1-0 2- 8   9  7  3  0  3  3  0  6  4
20040415 1 1-1-2-2-1 2+3+12+  4  3  3  6  6  4  9 18  7
20040416 2 3+4-3-2 3-3 3-22   7 18 22 12  7 12 15 12 13
20040417 2+3-1+1+1+1+3-2 15   9 12  5  5  5  5 12  7  8
20040418 1+2+3-1+2+2-2+2+16+  5  9 12  5  9  6  9  9  8
20040419 3-2-2-2-1+1+1 1-12  12  6  6  6  5  5  4  3  6
20040420 2-1-1+1+0+0+1-2  8+  6  3  5  5  2  2  3  7  4
20040421 1+3 1+1+1+2-2+1 13+  5 15  5  5  5  6  9  4  7
20040422 0+1 1+1-2-1 2-1  9-  2  4  5  3  6  4  6  4  4
20040423 2+3-4-4 4 4-3-4-27-  9 12 22 27 27 22 12 22 19
20040424 1+2 2+4+2+2+2-1+18-  5  7  9 32  9  9  6  5 10
20040425 2-3+4-3 2 2+2-2 20-  6 18 22 15  7  9  6  7 11
20040426 2 1 1+0+1-2+2+1-11-  7  4  5  2  3  9  9  3  5
20040427 1 2-1-1-1-2-2-1+ 9+  4  6  3  3  3  6  6  5  4
20040428 1+0+1+1-1+3+4-3 15   5  2  5  3  5 18 22 15  9
20040429 1 2 1 1-0+0+1 2  8+  4  7  4  3  2  2  4  7  4
20040430 3-3 2+1-1+3-4+5-22- 12 15  9  3  5 12 32 39 16
20040501 4-2+2+2-2 2 2-2+18  22  9  9  6  7  7  6  9  9
20040502 3 1-1-2+1 1 2 1+12  15  3  3  9  4  4  7  5  6
20040503 1 2-2 1+1 2 2+2+14-  4  6  7  5  4  7  9  9  6
20040504 2 2+2 1 2-1 2 3 15   7  9  7  4  6  4  7 15  7
20040505 2+3 3-2+3-4 3+3-23   9 15 12  9 12 27 18 12 14
20040506 2-2+2 2-2 1+3-3-16+  6  9  7  6  7  5 12 12  8
20040507 3 4 3 2+3-3 4-3 25- 15 27 15  9 12 15 22 15 16
20040508 3-3-2-2 2+2 2 2 17+ 12 12  6  7  9  7  7  7  8
20040509 2 2+1 1-2-1+0+1 10+  7  9  4  3  6  5  2  4  5
20040510 2-2 1 1-1 1 2-3-12-  6  7  4  3  4  4  6 12  6
20040511 4-3 1 1 1 1+3+4 18+ 22 15  4  4  4  5 18 27 12
20040512 4 5-2-1+1 1+2 1+17+ 27 39  6  5  4  5  7  5 12
20040513 1+2+4+2-2-2-3+3-19   5  9 32  6  6  6 18 12 12
20040514 2-2+1 0+1+1 2-2-11   6  9  4  2  5  4  6  6  5
20040515 3+2 2-2-1+1-1-2 13+ 18  7  6  6  5  3  3  7  7
20040516 2-1 1 1-1-1-1-2- 8   6  4  4  3  3  3  3  6  4
20040517 1 1 0+1-1-1-1 2  7+  4  4  2  3  3  3  4  7  4
20040518 1+1-1 1+1+1-1-0+ 7+  5  3  4  5  5  3  3  2  4
20040519 1-1 1-1+4-4-2+2 15+  3  4  3  5 22 22  9  7  9
20040520 2-2-3-4+2-2+3 3+21-  6  6 12 32  6  9 15 18 13
20040521 4-2 2-1+1+2 1+0+14- 22  7  6  5  5  7  5  2  7
20040522 1+3-3+2 1+1+1-1+14   5 12 18  7  5  5  3  5  8
20040523 3 3-2-2 3-2+3 3-20  15 12  6  7 12  9 15 12 11
20040524 3+2 3+2+3+1+1+1 18  18  7 18  9 18  5  5  4 10
20040525 2-1 2-1+1+1 1-1- 9+  6  4  6  5  5  4  3  3  4
20040526 1-1-1-1-1 1 0+1+ 6+  3  3  3  3  4  4  2  5  3
20040527 1+1 2-1 0+1-1 1- 8-  5  4  6  4  2  3  4  3  4
20040528 1 0+1 1 2+2+3-3-13+  4  2  4  4  9  9 12 12  7
20040529 3 3+2+4-2+3 2+4-24- 15 18  9 22  9 15  9 22 15
20040530 2 2-1+3 3-2 3+4-20-  7  6  5 15 12  7 18 22 12
20040531 4+2+2+3-3-2-3-2 21- 32  9  9 12 12  6 12  7 12
20040601 4-3 3+3 4-2+3-3 25- 22 15 18 15 22  9 12 15 16
20040602 3-2 2 2 2 3-3 3 19+ 12  7  7  7  7 12 15 15 10
20040603 2+3 2 1 1+1 1+3-15-  9 15  7  4  5  4  5 12  8
20040604 3-2 1 2-2+2 1+2-15- 12  7  4  6  9  7  5  6  7
20040605 3-2 1+2+2+2+3-4-19+ 12  7  5  9  9  9 12 22 11
20040606 3 3+3-2 2+2-3 2 20  15 18 12  7  9  6 15  7 11
20040607 3-2-1+1+2-1 1+4-15- 12  6  5  5  6  4  5 22  8
20040608 3+2+1 3-2 2+2+2-18- 18  9  4 12  7  9  9  6  9
20040609 3 2-2+3+3 3+3 2+22  15  6  9 18 15 18 15  9 13
20040610 3+2+2-1-2 1-3+3-17- 18  9  6  3  7  3 18 12 10
20040611 3-1 2-1+1-1 1 0+10- 12  4  6  5  3  4  4  2  5
20040612 0+2-1+1 1+0+0+0  6+  2  6  5  4  5  2  2  0  3
20040613 0 1-1 1 1-1 1 2- 7   0  3  4  4  3  4  4  6  4
20040614 1 1 2-3 3+3-3-2 17+  4  4  6 15 18 12 12  7 10
20040615 2+3-4+3-4+4-3-2+25   9 12 32 12 32 22 12  9 18
20040616 3-2 3 1+2-1+1-1+14  12  7 15  5  6  5  3  5  7
20040617 1 2+2-2+1+2 2 2 15-  4  9  6  9  5  7  7  7  7
20040618 1+2 2-2+3+3-2+2-17+  5  7  6  9 18 12  9  6  9
20040619 2-2-1+1+2-1+0+0  9+  6  6  5  5  6  5  2  0  4
20040620 1-1-1+1-1-1 1 1- 7-  3  3  5  3  3  4  4  3  4
20040621 1-1 1 1-1+1 1 1  8-  3  4  4  3  5  4  4  4  4
20040622 0+1-0+1-0+0+1-1- 4   2  3  2  3  2  2  3  3  2
20040623 1-0+1-0+1 1 1-1- 5+  3  2  3  2  4  4  3  3  3
20040624 0+1+2 0+2-0+1-0  7-  2  5  7  2  6  2  3  0  3
20040625 0+1-0+0+2-1-1+1- 6   2  3  2  2  6  3  5  3  3
20040626 1-1 1-1+4-3 2-2 14   3  4  3  5 22 15  6  7  8
20040627 1-1-0+1-1-1-1-2- 6   3  3  2  3  3  3  3  6  3
20040628 3-3+1+3-2+2-4 4-22- 12 18  5 12  9  6 27 22 14
20040629 4 4 4 3 3-3-4-3-27- 27 27 27 15 12 12 22 12 19
20040630 3-2 3-2+2 1+2 1+16+ 12  7 12  9  7  5  7  5  8
20040701 2+2 3-2+2+1+2 2+17+  9  7 12  9  9  5  7  9  8
20040702 2-2 2-2 2 2+2+3-17-  6  7  6  7  7  9  9 12  8
20040703 2+1+2-1+2-1+2 1-12+  9  5  6  5  6  5  7  3  6
20040704 2 1+1+2-1 1+1 2 12-  7  5  5  6  4  5  4  7  5
20040705 2+2-0+1 1+1+2 2+12+  9  6  2  4  5  5  7  9  6
20040706 1+2+1+1+1-1 1-1- 9+  5  9  5  5  3  4  3  3  5
20040707 0+1+1 0+1 0+1-1- 6-  2  5  4  2  4  2  3  3  3
20040708 0+0+0+0+1-0+0+0+ 3   2  2  2  2  3  2  2  2  2
20040709 1+1+1 0+0+1-1+0+ 7-  5  5  4  2  2  3  5  2  4
20040710 1 2 2 1+1 2-2-1+12   4  7  7  5  4  6  6  5  6
20040711 3-1 1 3+4+2 4-5 23  12  4  4 18 32  7 22 48 18
20040712 4 3-2 1 2-1+2+4 19  27 12  7  4  6  5  9 27 12
20040713 4+3 3+2+2 2+3-2+22+ 32 15 18  9  7  9 12  9 14
20040714 1 2-2-1+1+2 2+2-13   4  6  6  5  5  7  9  6  6
20040715 1 1-1-1-0+2 3-3 11   4  3  3  3  2  7 12 15  6
20040716 1 1-1+1+2+2 2 4+15   4  3  5  5  9  7  7 32  9
20040717 6 4 4+2+2 1 1+2-23- 80 27 32  9  7  4  5  6 21
20040718 1+2 2 2 1-1+1+2-12+  5  7  7  7  3  5  5  6  6
20040719 1-2+1+2-2-3-2 3 15+  3  9  5  6  6 12  7 15  8
20040720 2-2 1+1+3-2-3-3-16   6  7  5  5 12  6 12 12  8
20040721 1 2-2-0+0+1-0+1- 7-  4  6  6  2  2  3  2  3  4
20040722 1 0+0+3-4-3+5+7 24-  4  2  2 12 22 18 56132 31
20040723 6 5+6 5+5+6-3 1+38  80 56 80 56 56 67 15  5 52
20040724 3-3-4+3 6 5 4 6-33+ 12 12 32 15 80 48 27 67 37
20040725 7 7+6+8-7+8 7+7+58+132154 94179154207154154154
20040726 7+4-2-2 1+2 4-7+29 154 22  6  7  5  7 22154 47
20040727 8+8-7+8 9-8+6+6 61-236179154207300236 94 80186
20040728 3+3+2+2 3+4-3 3 24  18 18  9  7 18 22 15 15 15
20040729 2 2+2 1+1 1+1 1 12   7  9  7  5  4  5  4  4  6
20040730 1 1+1+1 1+2-2+3+13+  4  5  5  4  5  6  9 18  7
20040731 1+2-1+2-2+2 2-2+14+  5  6  5  6  9  7  6  9  7
20040801 4-2+1 1 1+1 2-2 14  22  9  4  4  5  4  6  7  8
20040802 1 1+2+2+1 0+1 3-12   4  5  9  9  4  2  4 12  6
20040803 2-1+1-0+1-0 0 0+ 5   6  5  3  2  3  0  0  2  3
20040804 0 0+1-1-1+1-0+1- 5-  0  2  3  3  5  3  2  3  3
20040805 0 1-1-1+2 1+2 3-11-  0  3  3  5  7  5  7 12  5
20040806 3-1-1-0 1-1-2-2+ 9+ 12  3  3  0  3  3  6  9  5
20040807 3-3-4 4-4-2 2-3-23  12 12 27 22 22  7  6 12 15
20040808 1+1 1 0+1-0+1-0+ 6-  5  4  4  2  3  2  3  2  3
20040809 2 2-3+2 1+2+4 4+21   7  6 18  7  5  9 27 32 14
20040810 4-2-2-2 4-3+4 3+23+ 22  6  6  7 22 18 27 18 16
20040811 2+1+2+3+2+2+3 2+19+  9  5  9 18  9  9 15  9 10
20040812 3 2 2-2-2-1+1+2+15  15  7  6  6  6  5  5  9  7
20040813 2 2-1 1-1+1+2+3-13   7  6  4  3  5  5  9 12  6
20040814 2 2-2 3-2-1+2 2-15   7  6  7 12  6  5  7  6  7
20040815 1-1-0+1-3-0+1-1- 7-  3  3  2  3 12  2  3  3  4
20040816 0+1-0+1 2 2 2-2 10   2  3  2  4  7  7  6  7  5
20040817 3 1+0+1+2+2+4-3 17+ 15  5  2  5  9  9 22 15 10
20040818 2 2+3 2-2 2-2-3-17   7  9 15  6  7  6  6 12  8
20040819 1+1-0+1 1 2-1 2- 9-  5  3  2  4  4  6  4  6  4
20040820 3 3 2+4-3+3+2+3 24  15 15  9 22 18 18  9 15 15
20040821 3+4-4 3-2-2+3 4-24+ 18 22 27 12  6  9 15 22 16
20040822 3 2+3-3+2+3-3-2+21+ 15  9 12 18  9 12 12  9 12
20040823 2 1+1+1 1 1+1 1-10-  7  5  5  4  4  5  4  3  5
20040824 1+0+1-1 1-1 1-0  6-  5  2  3  4  3  4  3  0  3
20040825 0+1+1-1+1+1+1 1- 8   2  5  3  5  5  5  4  3  4
20040826 1-0+1-1-1+2-2-2+ 9+  3  2  3  3  5  6  6  9  5
20040827 2-1 1 0+1+2-3-2 12-  6  4  4  2  5  6 12  7  6
20040828 2-2+3+2 1-1 1+1+14-  6  9 18  7  3  4  5  5  7
20040829 2-2-0+2-1+1+1+2-11   6  6  2  6  5  5  5  6  5
20040830 2+2 3+4 4 6-5 7 33+  9  7 18 27 27 67 48132 42
20040831 5+5-5 3 3+3 3+3-30+ 56 39 48 15 18 15 18 12 28
20040901 2+2-2-1+2-2-2 2+15-  9  6  6  5  6  6  7  9  7
20040902 2+2-2 2-1-1 1 1+12-  9  6  7  6  3  4  4  5  6
20040903 1+1-0+0+0+1-1-0  4+  5  3  2  2  2  3  3  0  2
20040904 0+0 1-1 1-0 0+1  4   2  0  3  4  3  0  2  4  2
20040905 1 0+1+1+2-3-3+1 13-  4  2  5  5  6 12 18  4  7
20040906 3-2-3 3+3-4-2 4-23- 12  6 15 18 12 22  7 22 14
20040907 3+3 3 3-2+2-2 1+19+ 18 15 15 12  9  6  7  5 11
20040908 3-3 3-1+2-1-0+0+13- 12 15 12  5  6  3  2  2  7
20040909 0 1+0+1-1 0+1 2  7-  0  5  2  3  4  2  4  7  3
20040910 1-1-1-1 1-0 0 0  4-  3  3  3  4  3  0  0  0  2
20040911 0 0 0 0+1-1 1-1- 3+  0  0  0  2  3  4  3  3  2
20040912 1 1-0 0 0+1+0 0+ 4-  4  3  0  0  2  5  0  2  2
20040913 0 0 0 0+0 0+4+4+ 9+  0  0  0  2  0  2 32 32  8
20040914 3+5-4+4 4 4 5+4 34- 18 39 32 27 27 27 56 27 32
20040915 5-3 2-2-3+3 2 2+22- 39 15  6  6 18 15  7  9 14
20040916 3+3 4-3-4-3+4-4-27  18 15 22 12 22 18 22 22 19
20040917 5-4 4-3 3 3-3-4 28- 39 27 22 15 15 12 12 27 21
20040918 5-5 2-3 2+1-0+0 18- 39 48  6 15  9  3  2  0 15
20040919 1-0 1-1-1-1+1+3  8+  3  0  3  3  3  5  5 15  5
20040920 3-1+5-3 3-2 0+2-18+ 12  5 39 15 12  7  2  6 12
20040921 3-3 2+1+2-1+1 1+15- 12 15  9  5  6  5  4  5  8
20040922 1-1 3-3-4+4 4-3+22+  3  4 12 12 32 27 22 18 16
20040923 4+4+2 1+1+1 1+2 18- 32 32  7  5  5  4  5  7 12
20040924 2+2 1 2-1-2-1 1+12-  9  7  4  6  3  6  4  5  6
20040925 0 1-0+2-1+1 1 0+ 6+  0  3  2  6  5  4  4  2  3
20040926 1 0+1 0 0 0+2-1+ 6-  4  2  4  0  0  2  6  5  3
20040927 1-0+0 1 2 2 2-0+ 8   3  2  0  4  7  7  6  2  4
20040928 1+3-3-1 0+1-1+3-13-  5 12 12  4  2  3  5 12  7
20040929 1+0 1-1-1+1 1+2+ 9-  5  0  3  3  5  4  5  9  4
20040930 2-0+0+0 1-0+1 0+ 5-  6  2  2  0  3  2  4  2  3
20041001 0 1-1-1-0+1-2-1+ 6   0  3  3  3  2  3  6  5  3
20041002 2-3-3-3+3+2 2 2 20-  6 12 12 18 18  7  7  7 11
20041003 1 1 2 3-4-3-2+4 19+  4  4  7 12 22 12  9 27 12
20041004 4-3+2 2+2 2-3 2+20+ 22 18  7  9  7  6 15  9 12
20041005 2 2-1+0 0 0+1-2- 8-  7  6  5  0  0  2  3  6  4
20041006 1 2-1+1 0 0 0+0+ 6-  4  6  5  4  0  0  2  2  3
20041007 1-1 0+0+0+0 0 0+ 3   3  4  2  2  2  0  0  2  2
20041008 0 1 2-1 2 2+1 2 11   0  4  6  4  7  9  4  7  5
20041009 3+1+1-1-1 1-1-1  9+ 18  5  3  3  4  3  3  4  5
20041010 3 3+1 2-2 1-1+2 15  15 18  4  6  7  3  5  7  8
20041011 2+4-2+1+2+2+2-3+19+  9 22  9  5  9  9  6 18 11
20041012 3 3-2+2+1-1-1-3+16- 15 12  9  9  3  3  3 18  9
20041013 4+5 5 3+5 4 4 3+34  32 48 48 18 48 27 27 18 33
20041014 3+4-4-4 4+4 4-2+29  18 22 22 27 32 27 22  9 22
20041015 2+3 1+2 2-2 2+2 17-  9 15  5  7  6  7  9  7  8
20041016 3-2-1 1-1-0 0 1- 7+ 12  6  4  3  3  0  0  3  4
20041017 0 0+1-0+0+0+0 0+ 2+  0  2  3  2  2  2  0  2  2
20041018 0 0 0 0+1-1+2+1+ 6   0  0  0  2  3  5  9  5  3
20041019 0+1-0+0+1+2-1-2- 7   2  3  2  2  5  6  3  6  4
20041020 2-3 3-1+3+4-1 3 20-  6 15 12  5 18 22  4 15 12
20041021 3 3+3-2-1-0+1+1+14+ 15 18 12  6  3  2  5  5  8
20041022 3-2 1 1+1 2-2-1-12  12  7  4  5  4  6  6  3  6
20041023 0 0 0 1-0+1-1-2- 4   0  0  0  3  2  3  3  6  2
20041024 2-1-0+1 2-3-4-2+14   6  3  2  4  6 12 22  9  8
20041025 3-3+3+3+2+2+1+2-20+ 12 18 18 18  9  9  5  6 12
20041026 1 1-0 0+0+0 0 0  2+  4  3  0  2  2  0  0  0  1
20041027 0 0 0+0+2-2-1 1+ 6+  0  0  2  2  6  6  4  5  3
20041028 1+1-0 0+0 0+1-1  4+  5  3  0  2  0  2  3  4  2
20041029 0 0 1-2-3 2 3 2-12   0  0  3  6 15  7 15  6  6
20041030 4 4-3-3 2+3 2+4 25  27 22 12 15  9 15  9 27 17
20041031 3-2 1+3-3-3+3 3 21- 12  7  5 12 12 18 15 15 12
20041101 3 1-1-1+2 1+0 1+10+ 15  3  3  5  7  5  0  5  5
20041102 1+0 1 1 1+2-2-1  9   5  0  4  4  5  6  6  4  4
20041103 1-0+1-2+1+3-3+4+16-  3  2  3  9  5 12 18 32 10
20041104 2 3 2+1+1 2 2 3-16+  7 15  9  5  4  7  7 12  8
20041105 3 1 0+1-0 0+1-0  6  15  4  2  3  0  2  3  0  4
20041106 0 0 0 0+0+0 1-0  1+  0  0  0  2  2  0  3  0  1
20041107 2-3 1-3+3 5-6+8 31-  6 15  3 18 15 39 94207 50
20041108 9-9-8+7 5 3-4+5+50 300300236132 48 12 32 56140
20041109 6-6 5 6 7 7-9-7 52  67 80 48 80132111300132119
20041110 8-8+9-8+7+6+5+4+56+179236300236154 94 56 32161
20041111 4 5 4+4-2+3 2+4+29  27 48 32 22  9 15  9 32 24
20041112 5-5-4 4+3+4 4+4 33+ 39 39 27 32 18 27 32 27 30
20041113 2+2 2+2-1+2 1-2+15-  9  7  9  6  5  7  3  9  7
20041114 4 3-2 1+1 1+1 0+14- 27 12  7  5  4  5  4  2  8
20041115 0+0+1-0 0+0+0 0+ 2+  2  2  3  0  2  2  0  2  2
20041116 0 1-2+2+2+3-2 2+15-  0  3  9  9  9 12  7  9  7
20041117 1+2-3 2+0+0+0+1-10   5  6 15  9  2  2  2  3  6
20041118 1 0+0 0 0+1-0+0  3-  4  2  0  0  2  3  2  0  2
20041119 0 2-1-0 0 1 2-2+ 7+  0  6  3  0  0  4  6  9  4
20041120 3+4-3-4 4-4-4-3-27+ 18 22 12 27 22 22 22 12 20
20041121 2+2+3 4-4-4 3 3 25   9  9 15 22 22 27 15 15 17
20041122 2 3-3 2+1 1 1+1+15-  7 12 15  9  4  4  5  5  8
20041123 2+1 1-2-1-2-2-2+12   9  4  3  6  3  6  6  9  6
20041124 3 2 2 2+2 1+1+3-17- 15  7  7  9  7  5  5 12  8
20041125 4 4+3 3-4 3-3+3 27  27 32 15 12 27 12 18 15 20
20041126 3-3 3-2+2-3-2 4-21- 12 15 12  9  6 12  7 22 12
20041127 2-1+2+2 2 4-3 3 19   6  5  9  7  7 22 15 15 11
20041128 4-3 3+2-2 3-3-3-22- 22 15 18  6  7 12 12 12 13
20041129 3 3 3+3 3-3 3+4 25+ 15 15 18 15 12 15 18 27 17
20041130 4 4 3 2 2+3-4 3+25+ 27 27 15  7  9 12 27 18 18
20041201 2 3+4 3-1 2 1+3-19   7 18 27 12  4  7  5 12 12
20041202 2-1 1 0+0+1+1 0+ 7   6  4  4  2  2  5  4  2  4
20041203 1-0+0+0+1-1-1 1  5   3  2  2  2  3  3  4  4  3
20041204 0 0 0 0 0 0 0 0  0   0  0  0  0  0  0  0  0  0
20041205 0+1 4+2 2-2 2-2-15-  2  4 32  7  6  7  6  6  9
20041206 2+3 4 3 4+4-4-4-28-  9 15 27 15 32 22 22 22 20
20041207 3 3 3 2+3 3-4-3 24- 15 15 15  9 15 12 22 15 15
20041208 3-3 3-2-2+2+2 3+20  12 15 12  6  9  9  7 18 11
20041209 3-1-1 2+2 2 2+2+15+ 12  3  4  9  7  7  9  9  8
20041210 2 2+2 2 2+3 2+3 19   7  9  7  7  9 15  9 15 10
20041211 1-1+3-1 4+3+3+4 21-  3  5 12  4 32 18 18 27 15
20041212 5-4 4 4 3 5+3+3 31+ 39 27 27 27 15 56 18 15 28
20041213 4+4-3-1+1-1 0+0+14+ 32 22 12  5  3  4  2  2 10
20041214 0+1 2+2+2+1+2+2 14   2  4  9  9  9  5  9  7  7
20041215 2+2 2 0 1-2+1+2 13-  9  7  7  0  3  9  5  7  6
20041216 2 3+2+0+3-2+4-4 21-  7 18  9  2 12  9 22 27 13
20041217 3+4 3+3 2+3+2+3+25  18 27 18 15  9 18  9 18 16
20041218 4+4-2+2 3 2 2 1-20  32 22  9  7 15  7  7  3 13
20041219 1+1-1 1-0 0 1-1- 5   5  3  4  3  0  0  3  3  3
20041220 2+1-1 1 1 0+1-1+ 8+  9  3  4  4  4  2  3  5  4
20041221 2 1-3 4+2-3-3-3-20-  7  3 15 32  6 12 12 12 12
20041222 3+4+4+4+3 3-2 2+26+ 18 32 32 32 15 12  7  9 20
20041223 2+1+1+1 1+2+2-2+14-  9  5  5  4  5  9  6  9  6
20041224 1-0 0+0+1 2 1-1+ 6+  3  0  2  2  4  7  3  5  3
20041225 4-4 4 2+1+2-2+2+22- 22 27 27  9  5  6  9  9 14
20041226 3-3-2 2 2-3 3 3-20- 12 12  7  7  6 15 15 12 11
20041227 2 2+3-1+1 1 3-3-16-  7  9 12  5  4  4 12 12  8
20041228 2+2+2 2+2+3+5-4+24-  9  9  7  9  9 18 39 32 16
20041229 4+4-3-3 3+3-1 3 24- 32 22 12 15 18 12  4 15 16
20041230 3-3+5-3 4-4-2 3-26- 12 18 39 15 22 22  7 12 18
20041231 3-2 2-2 2 1+1-2 14+ 12  7  6  7  7  5  3  7  7

