YYYYMMDD Kp[8]           Sum ap[8]                   Ap
20050101 2-3+3 2+3 3+4+4 25   6 18 15  9 15 18 32 27 18
20050102 4+5-5-4 3+6-3+5+35+ 32 39 39 27 18 67 18 56 37
20050103 4-4-3-4-4 4-3 2+27- 22 22 12 22 27 22 15  9 19
20050104 4+4+3+3 5-4+3+3+31- 32 32 18 15 39 32 18 18 26
20050105 4 3+4-3+3+3+2 2+25+ 27 18 22 18 18 18  7  9 17
20050106 2 0+0+0+1-1-3-1+ 8+  7  2  2  2  3  3 12  5  4
20050107 0+0 0 2-5 5+4 8-24   2  0  0  6 48 56 27179 40
20050108 7 6-4 4-3+2 2 2+30 132 67 27 22 18  7  7  9 36
20050109 1 1 0+3 1-0+1 0  7+  4  4  2 15  3  2  4  0  4
20050110 1-1 1 1 1+2+2+3-12+  3  4  4  4  5  9  9 12  6
20050111 2 3 4-2+1+3+2 4 22-  7 15 22  9  5 18  7 27 14
20050112 4+5+4 4+5-4 4 3+34  32 56 27 32 39 27 27 18 32
20050113 3-4-3-2 2+3+4-3 23+ 12 22 12  7  9 18 22 15 15
20050114 3-3-2+1+1+1+4+5 21  12 12  9  5  5  5 32 48 16
20050115 4-4+4 3 3 3+3-2-26- 22 32 27 15 15 18 12  6 18
20050116 3+2+3-3-3+3+3 4 25- 18  9 12 12 18 18 15 27 16
20050117 5 4+4 6 6+6+5 5-42- 48 32 27 80 94 94 48 39 58
20050118 7 6-8-6-5+5+5 6-47+132 67179 67 56 56 48 67 84
20050119 6+6 7-6 5+4 2+4-40+ 94 80111 80 56 27  9 22 60
20050120 2+2 2 3 4 5-3 3 24   9  7  7 15 27 39 15 15 17
20050121 3+2 2+2+3-7-8 7+35- 18  7  9  9 12111207154 66
20050122 6-6 4-3-4-3+4 3 32  67 80 22 12 22 18 27 15 33
20050123 4-4-3+3-3+4 3-3+27- 22 22 18 12 18 27 12 18 19
20050124 3 2-2-2 3 3 2 2-18  15  6  6  7 15 15  7  6 10
20050125 1 0+1 1 1-1 2-1  8-  4  2  4  4  3  4  6  4  4
20050126 1-0+0+1-1-0+1-1- 4+  3  2  2  3  3  2  3  3  3
20050127 0+0 0+0+0 1-1 1+ 4   2  0  2  2  0  3  4  5  2
20050128 2+2-1-1-1-1-3-3-12   9  6  3  3  3  3 12 12  6
20050129 3+2 3 4 3+3 4 4+27  18  7 15 27 18 15 27 32 20
20050130 4 4+3 3+3 3-2 2 24+ 27 32 15 18 15 12  7  7 17
20050131 3+3-3 4-5-4 3 1-25  18 12 15 22 39 27 15  3 19
20050201 3 0+1-2-1+2-1-1 10+ 15  2  3  6  5  6  3  4  6
20050202 1-2+2 2-2-3 3+1+16   3  9  7  6  6 15 18  5  9
20050203 2 4 3+2 1 1+1 1-15+  7 27 18  7  4  5  4  3  9
20050204 0 0 0+2-1+2-1-1- 6+  0  0  2  6  5  6  3  3  3
20050205 0+1-1 0+1 0 0+0  4-  2  3  4  2  4  0  2  0  2
20050206 1 3-3+2-1 1+3-3 17-  4 12 18  6  4  5 12 15 10
20050207 3 3+2+3 5-4-6-5+31  15 18  9 15 39 22 67 56 30
20050208 4 5+4-3+4-4+5 4+34- 27 56 22 18 22 32 48 32 32
20050209 3+4+5-4 4-3+4-4-31- 18 32 39 27 22 18 22 22 25
20050210 4-4-4-3+4 3 4 3-28  22 22 22 18 27 15 27 12 21
20050211 3-3-2+3+2+1+3 3 21- 12 12  9 18  9  5 15 15 12
20050212 2 2+1+0+1-1-2-0  9   7  9  5  2  3  3  6  0  4
20050213 2-1 1-1-0+1-2 0+ 7+  6  4  3  3  2  3  7  2  4
20050214 1-2+1+1 1+1-2 2 11+  3  9  5  4  5  3  7  7  5
20050215 1-1 2-0+0+0+1+1+ 7   3  4  6  2  2  2  5  5  4
20050216 3 2 1+2+3+4-3+3+22+ 15  7  5  9 18 22 18 18 14
20050217 2-2 0 1+1 1+1-4-12-  6  7  0  5  4  5  3 22  6
20050218 6+5-5-3 4-4+2+2 31  94 39 39 15 22 32  9  7 32
20050219 1+2 3+4 4-3+3 3-23+  5  7 18 27 22 18 15 12 16
20050220 4 3+3 0+1+3 3 3 21  27 18 15  2  5 15 15 15 14
20050221 3 3-1+1 1 1-0+1 11  15 12  5  4  4  3  2  4  6
20050222 0+1 0 0+1 2-2-2- 8-  2  4  0  2  4  6  6  6  4
20050223 1+0+1+1-1-0+1+1- 7-  5  2  5  3  3  2  5  3  4
20050224 0 0+1+1+3 1+1 1+10-  0  2  5  5 15  5  4  5  5
20050225 1 1+2 2+2 3+3+2 17+  4  5  7  9  7 18 18  7  9
20050226 3 2+2+2+3 3-2+2-20- 15  9  9  9 15 12  9  6 10
20050227 0+3-3-1 3 2-2-1+14+  2 12 12  4 15  6  6  5  8
20050228 2 3-3 3+3-2+2 4-22-  7 12 15 18 12  9  7 22 13
20050301 2+2+3+3+1+2 2-3+20-  9  9 18 18  5  7  6 18 11
20050302 4-3 3 3+3 3+1+1+22  22 15 15 18 15 18  5  5 14
20050303 1+1 1-0+1+1+2 1- 9-  5  4  3  2  5  5  7  3  4
20050304 1-0 0+0+0+1-1 0+ 4-  3  0  2  2  2  3  4  2  2
20050305 1+3-2+1+2 2+3 4 19   5 12  9  5  7  9 15 27 11
20050306 5+4-4+4 3 5 5-5+35+ 56 22 32 27 15 48 39 56 37
20050307 5-4+5+4+4 5-6-4 37  39 32 56 32 27 39 67 27 40
20050308 5-5+4 3 3-4-4+4+32  39 56 27 15 12 22 32 32 29
20050309 3+4+3+3-3-4-5 5-30- 18 32 18 12 12 22 48 39 25
20050310 4-3+3 3-3-4-2+1+23- 22 18 15 12 12 22  9  5 14
20050311 2+2+2-1 1 1-0 1+10+  9  9  6  4  4  3  0  5  5
20050312 2-1-1 0 0+1-0+2- 6+  6  3  4  0  2  3  2  6  3
20050313 1+0 0 1-1-1+2+3+10-  5  0  0  3  3  5  9 18  5
20050314 4+4 3-3 5-3-2 2+26- 32 27 12 15 39 12  7  9 19
20050315 2 1 1 1-1-0 0+2  8-  7  4  4  3  3  0  2  7  4
20050316 1-0+1-2-3 2 2 2 12+  3  2  3  6 15  7  7  7  6
20050317 3 4-2+2+2-4+2 1+21- 15 22  9  9  6 32  7  5 13
20050318 1-1 1+2-1-2-4 4 15   3  4  5  6  3  6 27 27 10
20050319 5-4 2-2-1+0 0+1 15- 39 27  6  6  5  0  2  4 11
20050320 0+2 1 1 1 0+1 0+ 7   2  7  4  4  4  2  4  2  4
20050321 0+0+1+3+3+2-1 1+13-  2  2  5 18 18  6  4  5  8
20050322 0+0+0+0+1-1-1 2- 5+  2  2  2  2  3  3  4  6  3
20050323 0+0 0+0+2-1 2 2- 7+  2  0  2  2  6  4  7  6  4
20050324 0+1-0+1-3-1 2-2- 9   2  3  2  3 12  4  6  6  5
20050325 2-4-4 3 4-4-3-4+27-  6 22 27 15 22 22 12 32 20
20050326 2-4-3+4-4-3 3 2 24   6 22 18 22 22 15 15  7 16
20050327 2+2 3 3-3 4-4-2 22+  9  7 15 12 15 22 22  7 14
20050328 2-2-1+0+0+0+1+2- 9-  6  6  5  2  2  2  5  6  4
20050329 0 1 1-0+1-1+1-3- 7+  0  4  3  2  3  5  3 12  4
20050330 3-3-3-2-1 2 1-0+14- 12 12 12  6  4  7  3  2  7
20050331 1+3 2+1 1-3-3+2+17-  5 15  9  4  3 12 18  9  9
20050401 1-2 2+1 1 1 1+1 10+  3  7  9  4  4  4  5  4  5
20050402 1-0+1-1 1-1+0+0+ 5+  3  2  3  4  3  5  2  2  3
20050403 2 2-1-1 1-1 2-2 11-  7  6  3  4  3  4  6  7  5
20050404 1+2 2 3-3-4+5+6 26+  5  7  7 12 12 32 56 80 26
20050405 7 7-5 3+3+3 3 5-36 132111 48 18 18 15 15 39 50
20050406 4-3-1+2 2 3-2 3-19  22 12  5  7  7 12  7 12 10
20050407 3-2+2+2 2-2-0 1-13+ 12  9  9  7  6  6  0  3  6
20050408 2+0+1-0+1-0+1 0+ 6   9  2  3  2  3  2  4  2  3
20050409 2-1-0 0+0+0+0+1+ 5   6  3  0  2  2  2  2  5  3
20050410 1 0+0+0+1 1-0 0+ 4   4  2  2  2  4  3  0  2  2
20050411 1+2-0 1-1 3 4 4 16-  5  6  0  3  4 15 27 27 11
20050412 5 5 3+3+4+3-4+4+32+ 48 48 18 18 32 12 32 32 30
20050413 3-4+4 4 4+5 4 5-33  12 32 27 27 32 48 27 39 30
20050414 3+4+2+2+3 3-3 3 24  18 32  9  9 15 12 15 15 16
20050415 3-3 2 2-3 3 3-4-22- 12 15  7  6 15 15 12 22 13
20050416 3 1+1 1-1 1+2 2-12  15  5  4  3  4  5  7  6  6
20050417 1+2+2-0+1 0+1-1- 8+  5  9  6  2  4  2  3  3  4
20050418 1 3-2 1 2 2-1+2 14-  4 12  7  4  7  6  5  7  6
20050419 2-2-3-1+2+1+1 2 14   6  6 12  5  9  5  4  7  7
20050420 2+5-4 4+4-3 2+2-26   9 39 27 32 22 15  9  6 20
20050421 2-0+1-0 0+1-1-0+ 5-  6  2  3  0  2  3  3  2  3
20050422 2+1+1-1-3 2-3 2 15-  9  5  3  3 15  6 15  7  8
20050423 1+1-1 1 1 2+2+2-11+  5  3  4  4  4  9  9  6  6
20050424 3 3-2-1+2 2-2-2-16- 15 12  6  5  7  6  6  6  8
20050425 2+3+3-2-2 1 1 2-16-  9 18 12  6  7  4  4  6  8
20050426 1-0 0+1-1-0+1 1- 4+  3  0  2  3  3  2  4  3  2
20050427 0 0 0 1 1+0+0 0  3-  0  0  0  4  5  2  0  0  1
20050428 0 0 0 0+1+1+1 0+ 4+  0  0  0  2  5  5  4  2  2
20050429 1-1 2 1+3-2 3+4-17-  3  4  7  5 12  7 18 22 10
20050430 5 3+3 3+4-4-3+4+30- 48 18 15 18 22 22 18 32 24
20050501 4 5-4-3+4-3 4 2+29- 27 39 22 18 22 15 27  9 22
20050502 2+2 1+1+2+2 2-2-15-  9  7  5  5  9  7  6  6  7
20050503 3-2-1+2+3 3-2-2-17  12  6  5  9 15 12  6  6  9
20050504 2+2+1-0+1 1-1+1- 9+  9  9  3  2  4  3  5  3  5
20050505 1 1+1 1+1 2-1-0+ 8+  4  5  4  5  4  6  3  2  4
20050506 1 0 0 0+2 2-2 1+ 8+  4  0  0  2  7  6  7  5  4
20050507 1+1-0+1 3-2 3-5-15+  5  3  2  4 12  7 12 39 10
20050508 6 5+4-6 8+8-5+4-46  80 56 22 80236179 56 22 91
20050509 3 3-1 1 1-2+3-4-17  15 12  4  4  3  9 12 22 10
20050510 3-2 2+1+2-1 2 2 15  12  7  9  5  6  4  7  7  7
20050511 1 0+2 2 2+3+4 4-19-  4  2  7  7  9 18 27 22 12
20050512 2+4-3 2-2+3 4-3+23   9 22 15  6  9 15 22 18 14
20050513 5-4 4 3-3+4 3-2 27+ 39 27 27 12 18 27 12  7 21
20050514 2-1+2 1+1+2-2+1-12+  6  5  7  5  5  6  9  3  6
20050515 6-6-8+8-4 4 5 5 45+ 67 67236179 27 27 48 48 87
20050516 4 6+6 4 5 5-2-2+34  27 94 80 27 48 39  6  9 41
20050517 3+4+4-2+2 4-2-3-24- 18 32 22  9  7 22  6 12 16
20050518 3-2+2 2 2+2+0+1 15  12  9  7  7  9  9  2  4  7
20050519 1 2 3 2-2-1+2 2 15-  4  7 15  6  6  5  7  7  7
20050520 3-5-5 4 3+3+2 3-28- 12 39 48 27 18 18  7 12 23
20050521 3-4 4-3 3-3-4 3 26- 12 27 22 15 12 12 27 15 18
20050522 4-2 2+2+3-1-1 1+16  22  7  9  9 12  3  4  5  9
20050523 2-1-1-1-2+1+1-1- 9-  6  3  3  3  9  5  3  3  4
20050524 1-0+0 0+1 0+1 2  6-  3  2  0  2  4  2  4  7  3
20050525 1+1 1+1 1-1+0+0  7   5  4  5  4  3  5  2  0  4
20050526 0 0+0+0+0+0+0+0  2   0  2  2  2  2  2  2  0  2
20050527 0+1-0+0+1 0 0 0  3-  2  3  2  2  4  0  0  0  2
20050528 0+2 1+2-2-4-4 3+18   2  7  5  6  6 22 27 18 12
20050529 3 3 3 3 1+3 3 6-25  15 15 15 15  5 15 15 67 20
20050530 4 3+6+6+7+8-7-5-46+ 27 18 94 94154179111 39 90
20050531 3+4-3-3-3+2 2 3-22+ 18 22 12 12 18  7  7 12 14
20050601 3 2 2-2-1 1+1 1-12+ 15  7  6  6  4  5  4  3  6
20050602 1 2-1 1+1+1+2-3-12   4  6  4  5  5  5  6 12  6
20050603 2-2 2 2-2+2-1 1-13   6  7  7  6  9  6  4  3  6
20050604 2-1+2+2 3+4+6-4+25   6  5  9  7 18 32 67 32 22
20050605 3+3 4-3 2+3 4 3 25+ 18 15 22 15  9 15 27 15 17
20050606 4-3-2+1-1-1 2 4-17- 22 12  9  3  3  4  7 22 10
20050607 3 4-3 3 3 2+2 2 22  15 22 15 15 15  9  7  7 13
20050608 2+1+1+1 1-0+1-1- 8+  9  5  5  4  3  2  3  3  4
20050609 1-1-1-2-2 1 1 1+ 9   3  3  3  6  7  4  4  5  4
20050610 1-1-0 1-1-1-1-1- 5-  3  3  0  3  3  3  3  3  3
20050611 1+1-1-1-1-1+2-2  9   5  3  3  3  3  5  6  7  4
20050612 2-2-4-4 5+6 7+6 36-  6  6 22 27 56 80154 80 54
20050613 6 6-4+3 4 3-3+2-31- 80 67 32 15 27 12 18  6 32
20050614 2-2-2 2-2 1 5-3 18-  6  6  7  6  7  4 39 15 11
20050615 3 4-4+2 4+2+2 1 23- 15 22 32  7 32  9  7  4 16
20050616 1-2-3 5-5 5 4 3+27+  3  6 15 39 48 48 27 18 26
20050617 5-3+2-2-3-3-3-1+21- 39 18  6  6 12 12 12  5 14
20050618 1+2 2 1+1+1 2-1 12-  5  7  7  5  5  4  6  4  5
20050619 1+1 1 1 1+2-1-1+ 9+  5  4  4  4  5  6  3  5  4
20050620 1 1-1-1 1 1 0+0  6-  4  3  3  4  4  4  2  0  3
20050621 0 0 0+0 0 0+1-1  2+  0  0  2  0  0  2  3  4  1
20050622 2-1-1-2-1+1 1+3-11   6  3  3  6  5  4  5 12  6
20050623 4-5 7 5 6-4 5-3+38+ 22 48132 48 67 27 39 18 50
20050624 3+3+2-3 2+1-0+1+16  18 18  6 15  9  3  2  5 10
20050625 3-3 1+2-1+3+2+3 19- 12 15  5  6  5 18  9 15 11
20050626 2+2+1+2 2-1+1+1 13+  9  9  5  7  6  5  5  4  6
20050627 1 0+0 0+1+1-2-1+ 7-  4  2  0  2  5  3  6  5  3
20050628 1-1 1 0+1+1 1+1- 7+  3  4  4  2  5  4  5  3  4
20050629 2-1-1+1+2-2-1-1-10-  6  3  5  5  6  6  3  3  5
20050630 1 1 1+1+1+2 2 2 12   4  4  5  5  5  7  7  7  6
20050701 2+2-1+1-2 4+4+4-20+  9  6  5  3  7 32 32 22 14
20050702 4 2 2+2+2-2+3-3+21- 27  7  9  9  6  9 12 18 12
20050703 3 2 2-2 2 1 1 2+15  15  7  6  7  7  4  4  9  7
20050704 1+1+1 1 1-1 1-2- 9-  5  5  4  4  3  4  3  6  4
20050705 1 1 1 1+1+0+0+1  7+  4  4  4  5  5  2  2  4  4
20050706 1 1-1 1-1-1 1-1+ 7   4  3  4  3  3  4  3  5  4
20050707 1-1+1+1 2 2+1+3-13-  3  5  5  4  7  9  5 12  6
20050708 1+1 0+1-1 1 1 1+ 8-  5  4  2  3  4  4  4  5  4
20050709 2 2 3-4-5 4+4+4+28+  7  7 12 22 48 32 32 32 24
20050710 4 4+4+6-6+5+6-6 42- 27 32 32 67 94 56 67 80 57
20050711 4-3+4 3+3 3 5 2 27+ 22 18 27 18 15 15 48  7 21
20050712 5-5+4 5+6+4+2 1+33+ 39 56 27 56 94 32  7  5 40
20050713 2-3 5 5 5+4+3+4-31+  6 15 48 48 56 32 18 22 31
20050714 1+3 2+2-2 1 0+1 13-  5 15  9  6  7  4  2  4  6
20050715 0+1 1 1 1+1 2 2- 9+  2  4  4  4  5  4  7  6  4
20050716 3 2+2+1 2-2+2 2 17- 15  9  9  4  6  9  7  7  8
20050717 3-2 3+5 3 3+2+5 27- 12  7 18 48 15 18  9 48 22
20050718 4+5+5+2+2+1+2 4-27- 32 56 56  9  9  5  7 22 24
20050719 3-1+2-1 1+1+2-3 14  12  5  6  4  5  5  6 15  7
20050720 3 2+2+4-5-3+4 3+27- 15  9  9 22 39 18 27 18 20
20050721 5 5 4 2+2-3-2+3-26- 48 48 27  9  6 12  9 12 21
20050722 3 2+1+1+3 3+3+3-20+ 15  9  5  5 15 18 18 12 12
20050723 1+1-1+1-1-2 1-1+ 9-  5  3  5  3  3  7  3  5  4
20050724 0+0+1-1-2-1 1+1- 7-  2  2  3  3  6  4  5  3  4
20050725 1+1 1 0+1-1-1-2- 7+  5  4  4  2  3  3  3  6  4
20050726 1 1-1 1 1-1 1 2- 8   4  3  4  4  3  4  4  6  4
20050727 1 2+2-1 3-2 4-5 19+  4  9  6  4 12  7 22 48 14
20050728 3 5+3 3-5-3-3 3+28- 15 56 15 12 39 12 15 18 23
20050729 3-3+3-3-3 4+3+3 25  12 18 12 12 15 32 18 15 17
20050730 4-3-3+2+1+1 2-2-18- 22 12 18  9  5  4  6  6 10
20050731 2-2 2-1+3-1-1+3+15-  6  7  6  5 12  3  5 18  8
20050801 3+2-3 4-3-3 3-3 23  18  6 15 22 12 15 12 15 14
20050802 2+3-2-3 3-2 2 1 17+  9 12  6 15 12  7  7  4  9
20050803 2-2 1+1 1+2+3 3+16   6  7  5  4  5  9 15 18  9
20050804 3-2-3-2 2+2-1+2+17- 12  6 12  7  9  6  5  9  8
20050805 1-1 1 1 1+3-3+3-14-  3  4  4  4  5 12 18 12  8
20050806 4 4+4+5-4-4-5-3+33- 27 32 32 39 22 22 39 18 29
20050807 3 3+3+4-2+1+3-3-22+ 15 18 18 22  9  5 12 12 14
20050808 2 1+2-1 3-2-1-2+13+  7  5  6  4 12  6  3  9  6
20050809 2+2+1+2-2 2-3 3-17   9  9  5  6  7  6 15 12  9
20050810 3-2-4 4+4+2+1-1-21- 12  6 27 32 32  9  3  3 16
20050811 1-0 1 1 1+0+0+0+ 5   3  0  4  4  5  2  2  2  3
20050812 1 1 1 0+1 1 1+3 10-  4  4  4  2  4  4  5 15  5
20050813 3-3+2 3+3-1 4 4 23  12 18  7 18 12  4 27 27 16
20050814 3+3+1+1+1+1-1+2-14+ 18 18  5  5  5  3  5  6  8
20050815 0+1-0+1 2-2+2 3 11+  2  3  2  4  6  9  7 15  6
20050816 3 4-2+3-3+2+2+4-23+ 15 22  9 12 18  9  9 22 14
20050817 3+3-2 2 3 3-3-3+22- 18 12  7  7 15 12 12 18 13
20050818 3 2 3 3 3-3-3-2+21+ 15  7 15 15 12 12 12  9 12
20050819 2+1+1+2 2-1-2-2-13-  9  5  5  7  6  3  6  6  6
20050820 2-1-0 0+1 1-1 0+ 6-  6  3  0  2  4  3  4  2  3
20050821 1-1 1-1-2 5-2+2 14   3  4  3  3  7 39  9  7  9
20050822 2+3+1+1+2+2+1+3-17   9 18  5  5  9  9  5 12  9
20050823 2 1+2-2-3-2+2-2-15   7  5  6  6 12  9  6  6  7
20050824 3-3+6+9-7+7-6+4+46- 12 18 94300154111 94 32102
20050825 5-3+2+3-4-5 4-2+28- 39 18  9 12 22 48 22  9 22
20050826 3-3-2+1 0 1 1 2-12+ 12 12  9  4  0  4  4  6  6
20050827 3-2-2 1+1 0+0+1-10  12  6  7  5  4  2  2  3  5
20050828 2 1+0+1 1-1 1+3-10+  7  5  2  4  3  4  5 12  5
20050829 3 3+2 1 1-1-0 1-11+ 15 18  7  4  3  3  0  3  7
20050830 0+0+0 0+0 0+3-2- 6-  2  2  0  2  0  2 12  6  3
20050831 1+2+2+3-5 7 7-6-33   5  9  9 12 48132111 67 49
20050901 4+4 2 2 3+1 1 3-20+ 32 27  7  7 18  4  4 12 14
20050902 3-3+4 3+4+6-7-4 34  12 18 27 18 32 67111 27 39
20050903 5+5 4+4+4-2-2-3 29  56 48 32 32 22  6  6 15 27
20050904 4-4 5-5-4-3 3-3-29  22 27 39 39 22 15 12 12 24
20050905 3+2+2+3 2 2+3 2 20+ 18  9  9 15  7  9 15  7 11
20050906 3 2 1-2+2 2+1 2-15  15  7  3  9  7  9  4  6  8
20050907 3+3+1 2-1+3-3 0+17- 18 18  4  6  5 12 15  2 10
20050908 2+2 1 1 1+1+2-2 13-  9  7  4  4  5  5  6  7  6
20050909 1+2 1-2-4+4+4+3+22   5  7  3  6 32 32 32 18 17
20050910 2+3-4 3+4 6-5+5 32+  9 12 27 18 27 67 56 48 33
20050911 6+7 8-6+7 5+6 5-50+ 94132179 94132 56 80 39101
20050912 5-4+7 6-5-6 6 7 45+ 39 32132 67 39 80 80132 75
20050913 6-5-4 6 6-2 5-4-36+ 67 39 27 80 67  7 39 22 44
20050914 3+3-4 3+4 3+3+2 26  18 12 27 18 27 18 18  7 18
20050915 3 2-3+6-6+7 5 4+36+ 15  6 18 67 94132 48 32 52
20050916 4-4-4-4 3+2+3+2+26+ 22 22 22 27 18  9 18  9 18
20050917 1-2 1+3 3 4-3 3 20-  3  7  5 15 15 22 15 15 12
20050918 2-3-3 3 3-2-2-1 17+  6 12 15 15 12  6  6  4 10
20050919 3-1+2-2-2-2 1+1-13  12  5  6  6  6  7  5  3  6
20050920 1-2 1+2 1+1-1 1-10-  3  7  5  7  5  3  4  3  5
20050921 1+0+1+1+1 1-0 0  6   5  2  5  5  4  3  0  0  3
20050922 1 2+2-1 2-2+2+1-13   4  9  6  4  6  9  9  3  6
20050923 2-3-3-1 1 1-1 1+12   6 12 12  4  4  3  4  5  6
20050924 1+0+0+0+1-0+0+0+ 4   5  2  2  2  3  2  2  2  2
20050925 0+0 0+2 3 1+0+2  9+  2  0  2  7 15  5  2  7  5
20050926 4-3 2 3-4-2+3 3+24- 22 15  7 12 22  9 15 18 15
20050927 3+4 2+2 2-2-1+3+20- 18 27  9  7  6  6  5 18 12
20050928 3 3-3 2 2 3+2-2-19+ 15 12 15  7  7 18  6  6 11
20050929 3-2+2-2 2-2+1-1-14  12  9  6  7  6  9  3  3  7
20050930 0+1+1+2-4-2+2 3-15+  2  5  5  6 22  9  7 12  8
20051001 3 3+3+2+2-2-3 3+22- 15 18 18  9  6  6 15 18 13
20051002 4-4-4-2+2 3+2-3-23  22 22 22  9  7 18  6 12 15
20051003 3-3-2 2-1 1-1+1+13+ 12 12  7  6  4  3  5  5  7
20051004 1+1+0+1 1 0+1-0+ 6+  5  5  2  4  4  2  3  2  3
20051005 1-1 1-1-1 1-1+1- 7-  3  4  3  3  4  3  5  3  4
20051006 1 1+1-1-1+1+1+0+ 8   4  5  3  3  5  5  5  2  4
20051007 2-2 2-2 2 2 3 5-19   6  7  6  7  7  7 15 39 12
20051008 4+4+4+4 3 2 5-4-30+ 32 32 32 27 15  7 39 22 26
20051009 3 2 2-2 2 1 3 3+18  15  7  6  7  7  4 15 18 10
20051010 3 3-3-3 2-1-1-3-17  15 12 12 15  6  3  3 12 10
20051011 3+2-1-1-2-2 2-2-13+ 18  6  3  3  6  7  6  6  7
20051012 0+1-0+0 1-0 0 1  3   2  3  2  0  3  0  0  4  2
20051013 1-1 1 1 1-1-2 1- 8-  3  4  4  4  3  3  7  3  4
20051014 1-2 0+0+0+0 0 0+ 4   3  7  2  2  2  0  0  2  2
20051015 0+1-1-0+0+0 1-1- 4-  2  3  3  2  2  0  3  3  2
20051016 0+2-2 1+1+2 2 3+14   2  6  7  5  5  7  7 18  7
20051017 3+4+3+3-3-3-1 0+20+ 18 32 18 12 12 12  4  2 14
20051018 1-2+1 1 2 2-2-1-11   3  9  4  4  7  6  6  3  5
20051019 2 3-1+1+2 2 1 1+14-  7 12  5  5  7  7  4  5  6
20051020 1+0+1 1-0 0+0+1- 5-  5  2  4  3  0  2  2  3  3
20051021 0 0 0 0+0 0 0+2+ 3   0  0  0  2  0  0  2  9  2
20051022 4 3-1 0+1 0+1+1 12- 27 12  4  2  4  2  5  4  8
20051023 1 0+0+0+1-1-1-0  4   4  2  2  2  3  3  3  0  2
20051024 1 0+0 0+1+2 2 1+ 8+  4  2  0  2  5  7  7  5  4
20051025 4 4+4-4 2-3+3 4-28- 27 32 22 27  6 18 15 22 21
20051026 2 2 3 2 2 4-3 2-19+  7  7 15  7  7 22 15  6 11
20051027 3 1 0+2 3-3+2 0+15- 15  4  2  7 12 18  7  2  8
20051028 0+1-1+2 2 1+2 1+11   2  3  5  7  7  5  7  5  5
20051029 0+0 1+0+0 1+2-0+ 5+  2  0  5  2  0  5  6  2  3
20051030 1 2 0+1 1 1 2 2 10+  4  7  2  4  4  4  7  7  5
20051031 1 2 1+2-3 4 5 4 22   4  7  5  6 15 27 48 27 17
20051101 3+2 1-2-2-3+2-3-17  18  7  3  6  6 18  6 12 10
20051102 2-2-1-0+1 1 4-4-14-  6  6  3  2  4  4 22 22  9
20051103 4-5-3 4-3+4 4 3+30- 22 39 15 22 18 27 27 18 24
20051104 4-4+3+3 3-3+4+2+27  22 32 18 15 12 18 32  9 20
20051105 3 3+4 2-2 3-2 3 22- 15 18 27  6  7 12  7 15 13
20051106 4 3-2+3-2-3+3 3 23- 27 12  9 12  6 18 15 15 14
20051107 3 2-2 1+1 2-2-2-14  15  6  7  5  4  6  6  6  7
20051108 1 1-1 1-0 1 1 1- 6   4  3  4  3  0  4  4  3  3
20051109 2+1-0+1-0 1-1-1- 6   9  3  2  3  0  3  3  3  3
20051110 0 0 1 0+0 0 1 2- 4   0  0  4  2  0  0  4  6  2
20051111 1-3-1 1 1 2 1+1 11-  3 12  4  4  4  7  5  4  5
20051112 3-3 2 2 3 3+3-2+21  12 15  7  7 15 18 12  9 12
20051113 3 4 3-2+3-3 2-3+23- 15 27 12  9 12 15  6 18 14
20051114 3+3+2-2 2 1-2-2 17- 18 18  6  7  7  3  6  7  9
20051115 1+1 2-2-1+0+1-1+ 9+  5  4  6  6  5  2  3  5  4
20051116 0+1+0+0+0+1 1-1  5+  2  5  2  2  2  4  3  4  3
20051117 1-0 2+1-0 0 0 0  4-  3  0  9  3  0  0  0  0  2
20051118 0 0 1 0+1+2 2+0+ 7+  0  0  4  2  5  7  9  2  4
20051119 1 1-0+0 1+4 4 3+15-  4  3  2  0  5 27 27 18 11
20051120 1+3-3 2 1 2-2-2 15+  5 12 15  7  4  6  6  7  8
20051121 2 2+1-1-1-1 1 0+ 9-  7  9  3  3  3  4  4  2  4
20051122 1+0+2 1+2 2+2-2+13+  5  2  7  5  7  9  6  9  6
20051123 2-3-3-2-2 2-1+2-15+  6 12 12  6  7  6  5  6  8
20051124 2-2 2 3-2-2+2+3+18   6  7  7 12  6  9  9 18  9
20051125 4-3+3+2-1+2+2-2+20- 22 18 18  6  5  9  6  9 12
20051126 2 1-1+2 1+1+1-1 10+  7  3  5  7  5  5  3  4  5
20051127 0+1 1-1-0 1-1-1+ 5+  2  4  3  3  0  3  3  5  3
20051128 0+0+2 2 3+2 2+3-15   2  2  7  7 18  7  9 12  8
20051129 3-0+1-1-1-2-2-5-13  12  2  3  3  3  6  6 39  9
20051130 3 3-2+4+3 2-2 3+22+ 15 12  9 32 15  6  7 18 14
20051201 4+3-2-3-3-2+3 5-24  32 12  6 12 12  9 15 39 17
20051202 3+3+3+3 3-2 3 3+24  18 18 18 15 12  7 15 18 15
20051203 4 3 2-2+3-3+3+3-23  27 15  6  9 12 18 18 12 15
20051204 2-1-1 1+2 2-3-1+12+  6  3  4  5  7  6 12  5  6
20051205 1+1+0+1-0+0+1-0  5   5  5  2  3  2  2  3  0  3
20051206 0 0+1-1-1 0+0+1- 4   0  2  3  3  4  2  2  3  2
20051207 0 0 0+0 0 0 0 0+ 1-  0  0  2  0  0  0  0  2  0
20051208 0 0 0 0 0 0+1-1  2   0  0  0  0  0  2  3  4  1
20051209 2-0+0+1-0+1 2-4-10-  6  2  2  3  2  4  6 22  6
20051210 3 4+3+1 2-2 3 3 21+ 15 32 18  4  6  7 15 15 14
20051211 4-2+3-4 3-5-4+3 27+ 22  9 12 27 12 39 32 15 21
20051212 3 3+2 1+2 3 3 3 21- 15 18  7  5  7 15 15 15 12
20051213 1-2-1 1-2+1 2 2-11   3  6  4  3  9  4  7  6  5
20051214 0+1 2-1-1-0 1-0+ 5+  2  4  6  3  3  0  3  2  3
20051215 1 1-1-1 0 0 0 0+ 4-  4  3  3  4  0  0  0  2  2
20051216 1+3+1+2-1+2 2 1-14-  5 18  5  6  5  7  7  3  7
20051217 0 1 1+2-2-1-0+1- 7+  0  4  5  6  6  3  2  3  4
20051218 1+1-1-2-1+0+0 1  7   5  3  3  6  5  2  0  4  4
20051219 1 1 1+1 2+2+4-4-16+  4  4  5  4  9  9 22 22 10
20051220 4 3+2+2 3+3 4 3 25  27 18  9  7 18 15 27 15 17
20051221 1+2 2+3-3 3 1+2-17+  5  7  9 12 15 15  5  6  9
20051222 3-1 1+1+0+0+1 1- 9- 12  4  5  5  2  2  4  3  5
20051223 0+0 0 0 0 0 0 0  0+  2  0  0  0  0  0  0  0  0
20051224 0 0 0+1+2+1 2-2- 8+  0  0  2  5  9  4  6  6  4
20051225 1+3-2 2-2+1+0+1-12+  5 12  7  6  9  5  2  3  6
20051226 0 0 1 0+1+2-3 3+11-  0  0  4  2  5  6 15 18  6
20051227 3 1 0+1 3-4 5-5+22  15  4  2  4 12 27 39 56 20
20051228 4-3-3-3 3 3 3+4+26- 22 12 12 15 15 15 18 32 18
20051229 3+3 3+3-2+3-2 3-22  18 15 18 12  9 12  7 12 13
20051230 3-3 2-2 1 2 2 2+17- 12 15  6  7  4  7  7  9  8
20051231 3 2+2+1 3-3 2 3+20- 15  9  9  4 12 15  7 18 11

