YYYYMMDD Kp[8]           Sum ap[8]                   Ap
20060101 3-1+1-1 3-2-1+2-13  12  5  3  4 12  6  5  6  7
20060102 2-2 2-2 1 1+1 3-13+  6  7  6  7  4  5  4 12  6
20060103 2+1-0 0 1-2-1+0  7-  9  3  0  0  3  6  5  0  3
20060104 0+1 0+1-0+0+1-0  4-  2  4  2  3  2  2  3  0  2
20060105 0 0 1+1+1+1 1 1  7   0  0  5  5  5  4  4  4  3
20060106 2-2+2-1+3 2+1+1 15-  6  9  6  5 15  9  5  4  7
20060107 2 2-2-1+1+3-1-0+12-  7  6  6  5  5 12  3  2  6
20060108 0 0+2-2-1+1 0+1- 7   0  2  6  6  5  4  2  3  4
20060109 0 1-0 0+0 0 0 0  1   0  3  0  2  0  0  0  0  1
20060110 0 0 0 0 1-1 0+0+ 2+  0  0  0  0  3  4  2  2  1
20060111 1-0 0 1-1 1+1-0+ 5-  3  0  0  3  4  5  3  2  2
20060112 2-1+1 1-0 0+1-1  7-  6  5  4  3  0  2  3  4  3
20060113 1 0 0 0+1 2-1 1- 6-  4  0  0  2  4  6  4  3  3
20060114 1-0+0 1 1 1+2-0+ 6+  3  2  0  4  4  5  6  2  3
20060115 2 1+1-0+0+2 3-2-11   7  5  3  2  2  7 12  6  6
20060116 1-3-2+3-3 3 3 3+21-  3 12  9 12 15 15 15 18 12
20060117 3 4-2+2 2-2-1+1 17- 15 22  9  7  6  6  5  4  9
20060118 2+2+3-4 1+3-1+2 19-  9  9 12 27  5 12  5  7 11
20060119 2 1+2-2 3-2+2-3-16+  7  5  6  7 12  9  6 12  8
20060120 2 1-1-2-2 3-3 2-14+  7  3  3  6  7 12 15  6  7
20060121 2-2+1 2-2-0+0 0  9-  6  9  4  6  6  2  0  0  4
20060122 0 1-1+2 3-3-0+1 11-  0  3  5  7 12 12  2  4  6
20060123 1+4-3+4-3+3-2+4-24   5 22 18 22 18 12  9 22 16
20060124 3 3 3-1+1-1-0 1 12+ 15 15 12  5  3  3  0  4  7
20060125 2-1-0+1+1-2-3 4-13   6  3  2  5  3  6 15 22  8
20060126 4 4+2 3+3 5+4+5+32- 27 32  7 18 15 56 32 56 30
20060127 3+2-2+3-3-2+2+3-20  18  6  9 12 12  9  9 12 11
20060128 2+2 2-2-1 0+2+2-13   9  7  6  6  4  2  9  6  6
20060129 1 1 1-0+0 0 0 1- 4-  4  4  3  2  0  0  0  3  2
20060130 1 0+0+1-0 0+0 0  3-  4  2  2  3  0  2  0  0  2
20060131 0 0+0 0 1-1+0+0+ 3   0  2  0  0  3  5  2  2  2
20060201 0 0+1+1-1 1-0+2+ 7-  0  2  5  3  4  3  2  9  4
20060202 2-1-0+1+1-1-2-2- 9-  6  3  2  5  3  3  6  6  4
20060203 0+0+1-2-1-1+3 1+ 9+  2  2  3  6  3  5 15  5  5
20060204 2+3 1+1 1 1 0+0+10+  9 15  5  4  4  4  2  2  6
20060205 1 0 2-1-0+0+2-1- 6+  4  0  6  3  2  2  6  3  3
20060206 2-4-2 2 4-2+3 4-22   6 22  7  7 22  9 15 22 14
20060207 2 1+1 0 0+1-1+2- 8+  7  5  4  0  2  3  5  6  4
20060208 3-1-1+1-0+0 0+0+ 6+ 12  3  5  3  2  0  2  2  4
20060209 0 0 0+1-1 0 1+1+ 5-  0  0  2  3  4  0  5  5  2
20060210 1 0+0 0 0 0+2-3  6+  4  2  0  0  0  2  6 15  4
20060211 2 2 2 1-2 3-1+0+13   7  7  7  3  7 12  5  2  6
20060212 2+3 2-1-1 1+0 0 10   9 15  6  3  4  5  0  0  5
20060213 0 0 0 0 1-2-1 1  4+  0  0  0  0  3  6  4  4  2
20060214 0 0 0 0 0+0 0 1+ 2-  0  0  0  0  2  0  0  5  1
20060215 1-1 2 3 2 2-3+4-17+  3  4  7 15  7  6 18 22 10
20060216 3 3-3 2+1+1+2-1+17- 15 12 15  9  5  5  6  5  9
20060217 1 3-2-1-1 1 0+1  9+  4 12  6  3  4  4  2  4  5
20060218 0 0+0 1-2-1-1-1- 5-  0  2  0  3  6  3  3  3  2
20060219 2 2 2 1 1+1+2+2-14-  7  7  7  4  5  5  9  6  6
20060220 2+2 3-3+4+5-3+3+26   9  7 12 18 32 39 18 18 19
20060221 3+4-3 4 3+4-3 3-27- 18 22 15 27 18 22 15 12 19
20060222 4 3+3+3+3-3+2-2-23+ 27 18 18 18 12 18  6  6 15
20060223 2-2 1+1+0+0+1 1  9   6  7  5  5  2  2  4  4  4
20060224 3-2-1 2+2+1-0+0+11+ 12  6  4  9  9  3  2  2  6
20060225 2 1-0+0+0 0 0 0  3+  7  3  2  2  0  0  0  0  2
20060226 1 2+1-0+1+2 2-3-12   4  9  3  2  5  7  6 12  6
20060227 2-1+2-1-1-0 0+1+ 8-  6  5  6  3  3  0  2  5  4
20060228 0+0 1 2 1+1-2-2+ 9+  2  0  4  7  5  3  6  9  4
20060301 3 2+2 2+3 1+0+0+15- 15  9  7  9 15  5  2  2  8
20060302 1-1-1 1-1-0 0+1  5   3  3  4  3  3  0  2  4  3
20060303 1 0 0+0+1-1 1+0+ 5   4  0  2  2  3  4  5  2  3
20060304 1-1 1+1-0+0 0 1  5   3  4  5  3  2  0  0  4  3
20060305 0+0 0+0 0 1-0 1- 2   2  0  2  0  0  3  0  3  1
20060306 1-0+1-2-3 3-4-4-16+  3  2  3  6 15 12 22 22 11
20060307 4+4-2+1+1+1-2-2-17  32 22  9  5  5  3  6  6 11
20060308 2-1+0+1-2-1-2-1+ 9+  6  5  2  3  6  3  6  5  4
20060309 0 1-0 0 0+1-3-1+ 6-  0  3  0  0  2  3 12  5  3
20060310 1+2+2+3 3 3-2+5-22-  5  9  9 15 15 12  9 39 14
20060311 4-3 3 2+1 2 1+1+18- 22 15 15  9  4  7  5  5 10
20060312 0 1+2-2-1+1 1+0  8+  0  5  6  6  5  4  5  0  4
20060313 0+1-0+1-1-0+1-1  5-  2  3  2  3  3  2  3  4  3
20060314 0 0 0 1-1 0+0+2  4+  0  0  0  3  4  2  2  7  2
20060315 2 2 2 2+2-2 3 0+15+  7  7  7  9  6  7 15  2  8
20060316 2-2+2+2+2-2+1 1+15   6  9  9  9  6  9  4  5  7
20060317 0 0+0+1 1-0+1-2- 5   0  2  2  4  3  2  3  6  3
20060318 0+2-3+5-3 5 5 6-29-  2  6 18 39 15 48 48 67 30
20060319 6+5+5-4-4+3 4 4-35  94 56 39 22 32 15 27 22 38
20060320 4+4 4 3+2 2+4 3-27- 32 27 27 18  7  9 27 12 20
20060321 2+4-2-1+2+4 3+3 22-  9 22  6  5  9 27 18 15 14
20060322 3 3+3-1 1-1+3-2+17  15 18 12  4  3  5 12  9 10
20060323 2-2 1 1-0+1-0+1- 7+  6  7  4  3  2  3  2  3  4
20060324 1+0+0+1 1-1 1+2+ 8+  5  2  2  4  3  4  5  9  4
20060325 2-3-1+1 1 1+3-0+12   6 12  5  4  4  5 12  2  6
20060326 1-1+0 1+2-2+3+2+13   3  5  0  5  6  9 18  9  7
20060327 3+3 0+0+1+3-1 3+15+ 18 15  2  2  5 12  4 18 10
20060328 1+3+1 0+1 1+2-1 11   5 18  4  2  4  5  6  4  6
20060329 1 2 1-1 1-1-2-2+10   4  7  3  4  3  3  6  9  5
20060330 1+1-0+0+0+0+2-2  7   5  3  2  2  2  2  6  7  4
20060331 1 0 1 2-2-1+2 1- 9+  4  0  4  6  6  5  7  3  4
20060401 0 0 0 0+1-0+0 0  1+  0  0  0  2  3  2  0  0  1
20060402 0 0 0 0+1 0 0+0+ 2   0  0  0  2  4  0  2  2  1
20060403 0 0 0 0+0+1-0+1- 2+  0  0  0  2  2  3  2  3  2
20060404 0+0+2-2 2-2+3-3+14+  2  2  6  7  6  9 12 18  8
20060405 4-5-4 4 5+5-3+2 32- 22 39 27 27 56 39 18  7 29
20060406 1+3-4-1+2-1 1+2-15-  5 12 22  5  6  4  5  6  8
20060407 1-0+1 1-1-0+0 1- 4+  3  2  4  3  3  2  0  3  2
20060408 1+0 0+2-1 1 1 2- 8   5  0  2  6  4  4  4  6  4
20060409 4+5 6 4+4+4-5-6 38+ 32 48 80 32 32 22 39 80 46
20060410 3+4 4-2 3 3-3-2-23  18 27 22  7 15 12 12  6 15
20060411 2 2+1-1 1 1-0+2-10-  7  9  3  4  4  3  2  6  5
20060412 0 0+0 0 0+0+0+0  1+  0  2  0  0  2  2  2  0  1
20060413 1+2 2 3 4 4-2-3 21-  5  7  7 15 27 22  6 15 13
20060414 4+6 7-7 5 5+4 4+43- 32 80111132 48 56 27 32 65
20060415 4-4 5-4+4 5 4+4-34- 22 27 39 32 27 48 32 22 31
20060416 4-3 2+2 2 2+2-2-19- 22 15  9  7  7  9  6  6 10
20060417 2 1 1 1-0+1-1+3+10+  7  4  4  3  2  3  5 18  6
20060418 4 3 1 1-0+1-1 1+12  27 15  4  3  2  3  4  5  8
20060419 2-0 1-1-0+0+0+1- 5-  6  0  3  3  2  2  2  3  3
20060420 0 1 1-2+3 1+1-0  9   0  4  3  9 15  5  3  0  5
20060421 1 1+1 1 2 4 1+1+13   4  5  4  4  7 27  5  5  8
20060422 4+4+3+5-3+2 1 1-24- 32 32 18 39 18  7  4  3 19
20060423 1 3 3 1+1-1+0+2 13-  4 15 15  5  3  5  2  7  7
20060424 3-2 2-2-1-0+0+2 11+ 12  7  6  6  3  2  2  7  6
20060425 3-1-0+0+1 1+1-0  7  12  3  2  2  4  5  3  0  4
20060426 2-2-1-0+0+1-0+0  6-  6  6  3  2  2  3  2  0  3
20060427 1 1+1 1-1+1+1-1  8+  4  5  4  3  5  5  3  4  4
20060428 3 3-4-3 2-1-1-1+17- 15 12 22 15  6  3  3  5 10
20060429 1-0+0+1-0+0+0+1- 4-  3  2  2  3  2  2  2  3  2
20060430 0 0 0 0 0 0 0 0  0   0  0  0  0  0  0  0  0  0
20060501 0 0+1 1-0 0 0 0+ 2+  0  2  4  3  0  0  0  2  1
20060502 2-0 1 0+1-1 1+1- 7-  6  0  4  2  3  4  5  3  3
20060503 1 0+0+0 0 1-2-2- 6-  4  2  2  0  0  3  6  6  3
20060504 1-2-3-2 5-3+3-2+20   3  6 12  7 39 18 12  9 13
20060505 4 3 3-2+1+1 0+1 16- 27 15 12  9  5  4  2  4 10
20060506 1+3-1+1+4-5 4+5-24+  5 12  5  5 22 48 32 39 21
20060507 3 4-5 3+3-2 3-2+25- 15 22 48 18 12  7 12  9 18
20060508 2+3-2 1+1-0+1-1-11-  9 12  7  5  3  2  3  3  6
20060509 1-0+1 1+0+1 0+1  6   3  2  4  5  2  4  2  4  3
20060510 0 0 0 0+0+0+2-3- 5+  0  0  0  2  2  2  6 12  3
20060511 3 4-4-3 3 2+3+4-26- 15 22 22 15 15  9 18 22 17
20060512 4+3+3+2 3 2-2 2+22  32 18 18  7 15  6  7  9 14
20060513 3+3+2 2-2-1 2+2+18- 18 18  7  6  6  4  9  9 10
20060514 3 3-2-1+1+1-1-1 12+ 15 12  6  5  5  3  3  4  7
20060515 1 1 1-0+1-1-1-1+ 6+  4  4  3  2  3  3  3  5  3
20060516 1-0+0 0+1-0+0 0+ 3-  3  2  0  2  3  2  0  2  2
20060517 1+2-1-1-2-2 1-1+10   5  6  3  3  6  7  3  5  5
20060518 1+2 3 3-2-4+4-2+21   5  7 15 12  6 32 22  9 14
20060519 2-2 2 1-1 1+2 2+13   6  7  7  3  4  5  7  9  6
20060520 2-1+2-2-1-2-2-1+12-  6  5  6  6  3  6  6  5  5
20060521 3-1-1 1+0+2 3-1+12  12  3  4  5  2  7 12  5  6
20060522 3-1 1-1+2-2+2 4-15+ 12  4  3  5  6  9  7 22  8
20060523 3 1+1+1 1+1-0+0  9  15  5  5  4  5  3  2  0  5
20060524 0+1+1+1 2-1 0 0  7-  2  5  5  4  6  4  0  0  3
20060525 0+1+1 0+0+0+1+2- 7-  2  5  4  2  2  2  5  6  4
20060526 1+1-1-0+1 1 1-1- 6+  5  3  3  2  4  4  3  3  3
20060527 1 0+0+0+0+0+0 1- 3+  4  2  2  2  2  2  0  3  2
20060528 1 2-1 2 1+1-1 2-10+  4  6  4  7  5  3  4  6  5
20060529 1-0+0+0+0+1-1-1+ 5-  3  2  2  2  2  3  3  5  3
20060530 1 1 0+2-4-2+3-2-14+  4  4  2  6 22  9 12  6  8
20060531 2+1 1 1-2-1 2-1-10   9  4  4  3  6  4  6  3  5
20060601 2 2 2-3 2 3-3 2 18+  7  7  6 15  7 12 15  7 10
20060602 2+2+2 1+1 2-1+1-13-  9  9  7  5  4  6  5  3  6
20060603 1+1-1+1-2-1 0+1- 8-  5  3  5  3  6  4  2  3  4
20060604 0+0+0+0+0+0+1-0+ 3   2  2  2  2  2  2  3  2  2
20060605 1-1-0+0+0+1 1 0+ 5-  3  3  2  2  2  4  4  2  3
20060606 2 2-4 5-4-4-5+4 29   7  6 27 39 22 22 56 27 26
20060607 4 3+3+3 3+3 3+5-28  27 18 18 15 18 15 18 39 21
20060608 4 3+4-3 3 4 3 3-27- 27 18 22 15 15 27 15 12 19
20060609 3+2 2+2+2-2-2+2-17+ 18  7  9  9  6  6  9  6  9
20060610 2+2 2-1+2+2 2+2-16-  9  7  6  5  9  7  9  6  7
20060611 2 2-1 1 2-1 1 2-11   7  6  4  4  6  4  4  6  5
20060612 1 0+1-0+1+1 1-1  6+  4  2  3  2  5  4  3  4  3
20060613 1 0+0+0+1-0+1-1- 4+  4  2  2  2  3  2  3  3  3
20060614 1 1-1-1+1 1+3-3+12   4  3  3  5  4  5 12 18  7
20060615 2+3+4+4 4-4-4-3+28+  9 18 32 27 22 22 22 18 21
20060616 3 2 2+1+1 2-3-2 16  15  7  9  5  4  6 12  7  8
20060617 2 2+3+2-2+2 2 1-16+  7  9 18  6  9  7  7  3  8
20060618 0+2-3-3-1 1-1-1 11-  2  6 12 12  4  3  3  4  6
20060619 2 1-1-0 0+0+0 0+ 4+  7  3  3  0  2  2  0  2  2
20060620 2-0+0+1-1 1 0+0+ 6-  6  2  2  3  4  4  2  2  3
20060621 0 0+0+0+1-1-1-1- 4-  0  2  2  2  3  3  3  3  2
20060622 1 2 1+1 1+1 2 1-10+  4  7  5  4  5  4  7  3  5
20060623 0 0+0+0+0+1-1 0+ 3+  0  2  2  2  2  3  4  2  2
20060624 0 0+0+0+1 1 1+1- 5   0  2  2  2  4  4  5  3  3
20060625 2 1 1-1 1 1 0+1  8   7  4  3  4  4  4  2  4  4
20060626 0+0+0 0+1-0+0+0  2+  2  2  0  2  3  2  2  0  2
20060627 1-0+0+1-2 2-2 2 10-  3  2  2  3  7  6  7  7  5
20060628 3-2+3+3 4 2 3-3 23  12  9 18 15 27  7 12 15 14
20060629 3-2 2 2+2+3 3-3-20- 12  7  7  9  9 15 12 12 10
20060630 2+2-2 2 3 2 1+1+16-  9  6  7  7 15  7  5  5  8
20060701 1-2 1 1 1+0+0+0+ 7   3  7  4  4  5  2  2  2  4
20060702 0+0+0+0+0+1-0+0  3-  2  2  2  2  2  3  2  0  2
20060703 0 0+1-1-0+1-1 1- 4+  0  2  3  3  2  3  4  3  2
20060704 0+1 1-2 4-3 3 4 18-  2  4  3  7 22 15 15 27 12
20060705 4+4 5 2 2-2+2+3 25- 32 27 48  7  6  9  9 15 19
20060706 3+2-3-2-1+2-1+2-15+ 18  6 12  6  5  6  5  6  8
20060707 2-1 1 1+2 2+1+1 12-  6  4  4  5  7  9  5  4  6
20060708 0+1-1 0+0+0+0+1- 4   2  3  4  2  2  2  2  3  2
20060709 0+0+0+0+0+0+1-3+ 6   2  2  2  2  2  2  3 18  4
20060710 3-1+1-2-3 3+3 1+17  12  5  3  6 15 18 15  5 10
20060711 0+1-1-1 2 2+3-2+12   2  3  3  4  7  9 12  9  6
20060712 2+2 2+4 4 2-1+1+19   9  7  9 27 27  6  5  5 12
20060713 2 2+2-1+1 0+0+1-10-  7  9  6  5  4  2  2  3  5
20060714 1-1+1-2 4+4 3+2+19-  3  5  3  7 32 27 18  9 13
20060715 0+2-1+1 2 1-1-1  9-  2  6  5  4  7  3  3  4  4
20060716 0 1+1 0+0+1 1-0+ 5   0  5  4  2  2  4  3  2  3
20060717 1-1 1-1-1 1-1 0  6-  3  4  3  3  4  3  4  0  3
20060718 0+1-0 1-0+1-1-0+ 4-  2  3  0  3  2  3  3  2  2
20060719 1-1 0+0 0 0 0+1- 3   3  4  2  0  0  0  2  3  2
20060720 0+1 0+1-1-0+0+1- 4+  2  4  2  3  3  2  2  3  3
20060721 1-0+0+0+0+0 0+0  2+  3  2  2  2  2  0  2  0  2
20060722 1-2-1 1-0+1-0+2- 7   3  6  4  3  2  3  2  6  4
20060723 1+1 1 1 1-1-1-1- 7   5  4  4  4  3  3  3  3  4
20060724 1-0+2-1+2-2+1 2-11-  3  2  6  5  6  9  4  6  5
20060725 2+3-1+0+1+1 1 2+12+  9 12  5  2  5  4  4  9  6
20060726 3-1+1-1 1-1 0+0+ 8  12  5  3  4  3  4  2  2  4
20060727 1-0+1-1-2 2 3 4-13   3  2  3  3  7  7 15 22  8
20060728 6 5+4-3 2+2 1-1+24+ 80 56 22 15  9  7  3  5 25
20060729 2 1-1 1 1-1-1+1- 8   7  3  4  4  3  3  5  3  4
20060730 1 1+1 1-0+1-0+2- 7   4  5  4  3  2  3  2  6  4
20060731 2-3-3 4-4 2+2 3 22+  6 12 15 22 27  9  7 15 14
20060801 3-3 3+3 2+3 1 2-20  12 15 18 15  9 15  4  6 12
20060802 3-3-2 2+2 2-1+3 18- 12 12  7  9  7  6  5 15  9
20060803 3-1+1-1 1-1-1+1+10- 12  5  3  4  3  3  5  5  5
20060804 0+1 0+0 0 0 1-1- 3   2  4  2  0  0  0  3  3  2
20060805 1+1+1-0+0+0+1-0+ 5+  5  5  3  2  2  2  3  2  3
20060806 1-0+1-0+1 1+0+1- 5+  3  2  3  2  4  5  2  3  3
20060807 3 4-5 6-4+5-3+3-32+ 15 22 48 67 32 39 18 12 32
20060808 2+3-3+2+2+2 2+1-18   9 12 18  9  9  7  9  3 10
20060809 2 3+1 3 2 1+1 3 17-  7 18  4 15  7  5  4 15  9
20060810 1-0+0+0+1-0+1-3  6+  3  2  2  2  3  2  3 15  4
20060811 1+1+1 1+2 2-1-1 10+  5  5  4  5  7  6  3  4  5
20060812 2 2+1+1 1+2-1 1-11+  7  9  5  4  5  6  4  3  5
20060813 0 0 0+1-0+1-0+0+ 3-  0  0  2  3  2  3  2  2  2
20060814 0+0 1-1-1+1-0+0+ 4+  2  0  3  3  5  3  2  2  2
20060815 0+1-1-1-0+1 0+1+ 5+  2  3  3  3  2  4  2  5  3
20060816 1 0+0+1-1 0+0+1- 5-  4  2  2  3  4  2  2  3  3
20060817 0 0+2 1 2-1+2-2 10   0  2  7  4  6  5  6  7  5
20060818 2 4-3-2+2+3-2 3-20+  7 22 12  9  9 12  7 12 11
20060819 2-1 1-3-6-6-6-6 29   6  4  3 12 67 67 67 80 38
20060820 5+6 2 1 2 2+2+2-23- 56 80  7  4  7  9  9  6 22
20060821 2 3 2-2-2 3-3 4+20+  7 15  6  6  7 12 15 32 12
20060822 3+2+5 4+4-4+3+2 28+ 18  9 48 32 22 32 18  7 23
20060823 2-2+3-0+0+0+0+1  9   6  9 12  2  2  2  2  4  5
20060824 2 1 1-0+1 2-1 1+ 9   7  4  3  2  4  6  4  5  4
20060825 0+0 0 1 0+0+0+0  2+  2  0  0  4  2  2  2  0  2
20060826 1-0+1-0+0+0+1+1  5   3  2  3  2  2  2  5  4  3
20060827 2-2-1+3-4 5-4-3 23-  6  6  5 12 27 39 22 15 16
20060828 4-3 2+2-2-3-3-3-20+ 22 15  9  6  6 12 12 12 12
20060829 3-2-2+3-1+2+2-1-15+ 12  6  9 12  5  9  6  3  8
20060830 1 1 2+2 1+2-2+1+13   4  4  9  7  5  6  9  5  6
20060831 1 1 2+1 2-3-3-3-15   4  4  9  4  6 12 12 12  8
20060901 3 1+2 2 2 3+4-4+22- 15  5  7  7  7 18 22 32 14
20060902 3-1+1-1+1+1+2+2+13+ 12  5  3  5  5  5  9  9  7
20060903 2-2+1+1+1+1 1 2 12   6  9  5  5  5  4  4  7  6
20060904 4-6-4-2+2 3-3-2 25- 22 67 22  9  7 12 12  7 20
20060905 3 2+2-3-2-3-2 1+17+ 15  9  6 12  6 12  7  5  9
20060906 2-2 1+2 2+1+2+1 14   6  7  5  7  9  5  9  4  6
20060907 2-2+3+2-2+2+1+1-16-  6  9 18  6  9  9  5  3  8
20060908 1+1+1+0+1+1-0+1+ 8   5  5  5  2  5  3  2  5  4
20060909 1+1 0+0 0 0 0 0+ 3   5  4  2  0  0  0  0  2  2
20060910 1 2-1 1-1-2-2-1  9+  4  6  4  3  3  6  6  4  4
20060911 2+3 2+1+2-1-0+1-12+  9 15  9  5  6  3  2  3  6
20060912 2-1 2 2 1 0+1+1+11-  6  4  7  7  4  2  5  5  5
20060913 1-3-2+2-1 1-1-0 10-  3 12  9  6  4  3  3  0  5
20060914 1-2+2-1+1 1-0+0+ 8+  3  9  6  5  4  3  2  2  4
20060915 0 0 0+0 0 0 0+0  1-  0  0  2  0  0  0  2  0  0
20060916 1-0+0 0+1+2-1 0  5+  3  2  0  2  5  6  4  0  3
20060917 1 1+2 4-4-1+4 3+20+  4  5  7 22 22  5 27 18 14
20060918 4+4 3+3+3 3-5-4-29  32 27 18 18 15 12 39 22 23
20060919 3+3 4-2+2 1+2-1+19- 18 15 22  9  7  5  6  5 11
20060920 2 2 1 0+0+0+1-0  7-  7  7  4  2  2  2  3  0  3
20060921 0 0+1-1 1 1-1-1- 5   0  2  3  4  4  3  3  3  3
20060922 0 0+0 0+0+0+1 0+ 3-  0  2  0  2  2  2  4  2  2
20060923 0+1 1 1-1 2-3+5 14   2  4  4  3  4  6 18 48 11
20060924 5-5 4-5-4-2 2-2+28- 39 48 22 39 22  7  6  9 24
20060925 2 2-1+3+2+1 1 2+15   7  6  5 18  9  4  4  9  8
20060926 2-3-2-1 1+2-2-2+14   6 12  6  4  5  6  6  9  7
20060927 2 1+0 1 0+1 0+0  6   7  5  0  4  2  4  2  0  3
20060928 1 0+1-1+1-0+1 1+ 7-  4  2  3  5  3  2  4  5  4
20060929 2 0+1-0+1 2-2-0  8-  7  2  3  2  4  6  6  0  4
20060930 1-3+4 4 2 2+1+3-20+  3 18 27 27  7  9  5 12 14
20061001 5-5 4+4-3 3 1+2 27  39 48 32 22 15 15  5  7 23
20061002 2 1+2+1+2-2-2-2 14   7  5  9  5  6  6  6  7  6
20061003 2-2+1+2-3-2 1 2-14+  6  9  5  6 12  7  4  6  7
20061004 1-1+1-0 1-2+1 0+ 7   3  5  3  0  3  9  4  2  4
20061005 1 1-1 1-1 0+1+1+ 7+  4  3  4  3  4  2  5  5  4
20061006 0 0 1+1 0+0 1-1- 4   0  0  5  4  2  0  3  3  2
20061007 0+1+1 0+2-3+3+4 15+  2  5  4  2  6 18 18 27 10
20061008 3-1+1-2 2-2-1+1 12+ 12  5  3  7  6  6  5  4  6
20061009 0+3-1+1-0+0 2-1+ 8+  2 12  5  3  2  0  6  5  4
20061010 1 0+0+0+0+0+0+0+ 3+  4  2  2  2  2  2  2  2  2
20061011 1 1 1 0+1-1-0+0+ 5+  4  4  4  2  3  3  2  2  3
20061012 2 1-1-1 2-1+1-2+10+  7  3  3  4  6  5  3  9  5
20061013 2+3 5-4 3+3 5+5+31   9 15 39 27 18 15 56 56 29
20061014 4+4 3-3+2+4+4 4 29  32 27 12 18  9 32 27 27 23
20061015 2+3+2+2 1+2 3-2 18   9 18  9  7  5  7 12  7  9
20061016 2 2-2-1 1+1+2 2+13+  7  6  6  4  5  5  7  9  6
20061017 1+0+0+1 1-1-1-1- 6-  5  2  2  4  3  3  3  3  3
20061018 1+2-1 1-0 0 1+1  7   5  6  4  3  0  0  5  4  3
20061019 0 1 0 1+1-0+0 0  3+  0  4  0  5  3  2  0  0  2
20061020 2 1 2+2 3 3 3 3+20-  7  4  9  7 15 15 15 18 11
20061021 4+3 3+3-3 4+4-3-27  32 15 18 12 15 32 22 12 20
20061022 3-4 3-2-2+3-3+3 22+ 12 27 12  6  9 12 18 15 14
20061023 1 0 0+1 1-1 1 2- 7-  4  0  2  4  3  4  4  6  3
20061024 0+1-2 1+1+1-2-1  9   2  3  7  5  5  3  6  4  4
20061025 2-2+1+1 1-1-1-0  8+  6  9  5  4  3  3  3  0  4
20061026 1-1-1-1 1 0+0 0  4+  3  3  3  4  4  2  0  0  2
20061027 1-0+0 1-0+0+2+2+ 7   3  2  0  3  2  2  9  9  4
20061028 1 2-2+3-3-3 3+5-21+  4  6  9 12 12 15 18 39 14
20061029 4-4 4-2+3 3-4+4 28- 22 27 22  9 15 12 32 27 21
20061030 4-2+3-3+1+2 1 1 17+ 22  9 12 18  5  7  4  4 10
20061031 2 0 0+1-1 1+2-2+ 9+  7  0  2  3  4  5  6  9  4
20061101 2-2 1 1 2 2 2-2-13   6  7  4  4  7  7  6  6  6
20061102 2+2 1 1 2-3-3 2+16   9  7  4  4  6 12 15  9  8
20061103 2 2+1+2+3+1+1+0+14+  7  9  5  9 18  5  5  2  8
20061104 2 3-2-2 1+2 2+2-16-  7 12  6  7  5  7  9  6  7
20061105 0 1 2 2 2 1+1-1-10-  0  4  7  7  7  5  3  3  4
20061106 0 0 1+1-0 0 1-1  4-  0  0  5  3  0  0  3  4  2
20061107 0 0 0 0 0 0 0 0  0   0  0  0  0  0  0  0  0  0
20061108 1-0 0 0 0 0 0 0  1-  3  0  0  0  0  0  0  0  0
20061109 1-0 0+0 1+3 3+5-13+  3  0  2  0  5 15 18 39 10
20061110 5 5 5-6 4 2+4 3-34- 48 48 39 80 27  9 27 12 36
20061111 4 4-4 3+3 4 3+3 28+ 27 22 27 18 15 27 18 15 21
20061112 3 3-2 2 2-1-0+0+13- 15 12  7  7  6  3  2  2  7
20061113 1-1-1 0 0 0 0 0  2+  3  3  4  0  0  0  0  0  1
20061114 0 1+1 1-1 2-2-3 10+  0  5  4  3  4  6  6 15  5
20061115 3-3-0+1+1 1 1+3-13  12 12  2  5  4  4  5 12  7
20061116 4+2+2-1-1-1-0+0+11  32  9  6  3  3  3  2  2  8
20061117 2 3-1 1 2+1+1-0+11+  7 12  4  4  9  5  3  2  6
20061118 0 0 0 1-0+0+0+0+ 2   0  0  0  3  2  2  2  2  1
20061119 1+2-2-2 0 0+0 0+ 7+  5  6  6  7  0  2  0  2  4
20061120 0+0+0 0 1-0 0 0  1+  2  2  0  0  3  0  0  0  1
20061121 1-0 0 0 1-0 0 0  1+  3  0  0  0  3  0  0  0  1
20061122 0 0 0+2-2-1 3-3 10+  0  0  2  6  6  4 12 15  6
20061123 1+2 3 3+3 3 3+4 23   5  7 15 18 15 15 18 27 15
20061124 3 4+4 3-3+2 3-2+24+ 15 32 27 12 18  7 12  9 16
20061125 3-3 2-2-3 4 4 3 23  12 15  6  6 15 27 27 15 15
20061126 3 3+3+2+2+2-3+3 22+ 15 18 18  9  9  6 18 15 14
20061127 2+2 2+3 1+2 3-1 17-  9  7  9 15  5  7 12  4  8
20061128 1+1+1 1+2 2-2-2+13-  5  5  4  5  7  6  6  9  6
20061129 2+4-2 1-0+1-2-2-13   9 22  7  3  2  3  6  6  7
20061130 3-4 5 5-5+4+2-1 29- 12 27 48 39 56 32  6  4 28
20061201 1 1-1-1 1-1 3-2- 9+  4  3  3  4  3  4 12  6  5
20061202 1-1-1-0 0+1-0+1- 4   3  3  3  0  2  3  2  3  2
20061203 1 2-1-0 0+1-1 1+ 7-  4  6  3  0  2  3  4  5  3
20061204 0 0 0 0 0 0 0+0+ 1-  0  0  0  0  0  0  2  2  0
20061205 0 0 0 2+1-1 1-2- 6+  0  0  0  9  3  4  3  6  3
20061206 4-4-3+5-4 3+5-4-31  22 22 18 39 27 18 39 22 26
20061207 5 4 4+4-4-4-2+3+30  48 27 32 22 22 22  9 18 25
20061208 3+5 4+4-3+3 4-3 29+ 18 48 32 22 18 15 22 15 24
20061209 2-2 1+0+0 3-3-4-14+  6  7  5  2  0 12 12 22  8
20061210 2+3+2 3-4-4 3-4-24+  9 18  7 12 22 27 12 22 16
20061211 3 4-4-2 2-1-2 4+21  15 22 22  7  6  3  7 32 14
20061212 3 5+4-2+4+4 4 4 31- 15 56 22  9 32 27 27 27 27
20061213 3+3+1 1-0+1 1 3-13+ 18 18  4  3  2  4  4 12  8
20061214 3 2+2 2 5 5+5+8-33- 15  9  7  7 48 56 56179 47
20061215 8+8-7-6-6 4 4 4-46 236179111 67 80 27 27 22 94
20061216 3 3+1+1+1-3-3+3+19  15 18  5  5  3 12 18 18 12
20061217 3 1+1 0+1-1+3-1 11+ 15  5  4  2  3  5 12  4  6
20061218 2-2+1 2 2-3-2+4+18   6  9  4  7  6 12  9 32 11
20061219 3 3+2 3+3+2+2+2+22  15 18  7 18 18  9  9  9 13
20061220 4 3+3 3-4-4-5-5-30- 27 18 15 12 22 22 39 39 24
20061221 5-3+4-3+3 3+2+2 26- 39 18 22 18 15 18  9  7 18
20061222 3+3+4-4+3 3-3-3+26+ 18 18 22 32 15 12 12 18 18
20061223 3-3-4-2+3+4 3+2+24+ 12 12 22  9 18 27 18  9 16
20061224 3-2+2+2 3 3+3 2 21- 12  9  9  7 15 18 15  7 12
20061225 3+3-2+1+2 2 0+1+15+ 18 12  9  5  7  7  2  5  8
20061226 1+1 2-1-2 2-1 0  9+  5  4  6  3  7  6  4  0  4
20061227 1-1-0+0+1-1-0+0+ 4   3  3  2  2  3  3  2  2  2
20061228 0+0 0 0+0+1-1+1+ 4+  2  0  0  2  2  3  5  5  2
20061229 1 0+0 0+0+1-1 1- 4+  4  2  0  2  2  3  4  3  2
20061230 1 0+0+1 1-1-1 0+ 5+  4  2  2  4  3  3  4  2  3
20061231 1-0 0 0+0+0+0+1- 3-  3  0  0  2  2  2  2  3  2

