YYYYMMDD Kp[8]           Sum ap[8]                   Ap
20130101 0 0 0 0 0+0 0 0  0+  0  0  0  0  2  0  0  0  0
20130102 0 0 1 1 1-1-1 1  5+  0  0  4  4  3  3  4  4  3
20130103 1-1-0 0 1-0 0 0  2   3  3  0  0  3  0  0  0  1
20130104 1-0 0 0+0 0 1-1- 2+  3  0  0  2  0  0  3  3  1
20130105 0 0+0+0+0 0 0+0  1+  0  2  2  2  0  0  2  0  1
20130106 0 0 0 1-1 1 2-1  5+  0  0  0  3  4  4  6  4  3
20130107 1-0 0+0+1-0 0+1- 3   3  0  2  2  3  0  2  3  2
20130108 0 1 0+1 0+1 1-3- 7   0  4  2  4  2  4  3 12  4
20130109 2 0+0 1-0+0+1 1- 5+  7  2  0  3  2  2  4  3  3
20130110 0+0+0+0+0+0+1-0+ 3   2  2  2  2  2  2  3  2  2
20130111 0 0+0 1 1-0 1-2  5-  0  2  0  4  3  0  3  7  2
20130112 2 1 0 0+1-0+1 0+ 6-  7  4  0  2  3  2  4  2  3
20130113 2+1 2-1 2+3 3 4 18+  9  4  6  4  9 15 15 27 11
20130114 3+3-2-2 2+2-2 1+17  18 12  6  7  9  6  7  5  9
20130115 2-1 1+1-2-0+2-0+ 9-  6  4  5  3  6  2  6  2  4
20130116 0+1 1-1 1-1 3-3-10   2  4  3  4  3  4 12 12  6
20130117 3 3+2-1+3 4+3 3 23- 15 18  6  5 15 32 15 15 15
20130118 3 3+2-2-3 2 2 3 20- 15 18  6  6 15  7  7 15 11
20130119 3+1 1-0 1+2+2 3 14- 18  4  3  0  5  9  7 15  8
20130120 3+3+4-2-2+1-0 0+15+ 18 18 22  6  9  3  0  2 10
20130121 2-1 1-1-1-1-0+1  7-  6  4  3  3  3  3  2  4  4
20130122 0 0 0 0 0 0 0 0  0   0  0  0  0  0  0  0  0  0
20130123 0 1 1-0 0 0 0 0+ 2   0  4  3  0  0  0  0  2  1
20130124 1-1-0 0 0 0 0 0  1+  3  3  0  0  0  0  0  0  1
20130125 0 1-1 1-0+2 2 3+10   0  3  4  3  2  7  7 18  6
20130126 4+2+3+3+3 4-4 4 28  32  9 18 18 15 22 27 27 21
20130127 3+2+1 1 1 2 2-0+13- 18  9  4  4  4  7  6  2  7
20130128 1-1 1 0 1 1 2-2  8+  3  4  4  0  4  4  6  7  4
20130129 1 0 1-0+0+0+0 0  3-  4  0  3  2  2  2  0  0  2
20130130 0 0 1-0 0 0 0+0+ 1+  0  0  3  0  0  0  2  2  1
20130131 0 0 1-0 0 1-1-2- 4-  0  0  3  0  0  3  3  6  2
20130201 2 0 0 1 1 2-1+2+ 9+  7  0  0  4  4  6  5  9  4
20130202 2-3+2+3-2 2 3 1 18   6 18  9 12  7  7 15  4 10
20130203 3-1-0+1 2-1 0+1- 8+ 12  3  2  4  6  4  2  3  4
20130204 1-1-1 0+1+2 2+0+ 9-  3  3  4  2  5  7  9  2  4
20130205 0+1 1+1-1-0+0 0  4+  2  4  5  3  3  2  0  0  2
20130206 0 0 0 0 0 0 1-1  2-  0  0  0  0  0  0  3  4  1
20130207 1 1+3-3 2 1 1+1+14-  4  5 12 15  7  4  5  5  7
20130208 2-2+3 2-3-2 1 1+16-  6  9 15  6 12  7  4  5  8
20130209 2-2-1 1-0 0 1 0+ 6+  6  6  4  3  0  0  4  2  3
20130210 2-2-1+1-0+1-2 1  9+  6  6  5  3  2  3  7  4  4
20130211 1+2-1-0+1-1 2 2 10-  5  6  3  2  3  4  7  7  5
20130212 1 0+0 1-1+2-2-3- 9+  4  2  0  3  5  6  6 12  5
20130213 3-3 1+2-1 1+3+4+19- 12 15  5  6  4  5 18 32 12
20130214 4 4-3+3 3-2 2+2 23  27 22 18 15 12  7  9  7 15
20130215 0 1 1 1 1-1+2 1+ 8+  0  4  4  4  3  5  7  5  4
20130216 1-0 0 1-2+4 3+1 12   3  0  0  3  9 27 18  4  8
20130217 0+2-2-2 3-3+3 2 17-  2  6  6  7 12 18 15  7  9
20130218 0+0 0 0+1-1-1 3+ 6+  2  0  0  2  3  3  4 18  4
20130219 0+1+1+2-2 2+2 2-13-  2  5  5  6  7  9  7  6  6
20130220 1+1+2-3 2+2 2 1 15-  5  5  6 15  9  7  7  4  7
20130221 3 2+2+1-1-1+2-2 14  15  9  9  3  3  5  6  7  7
20130222 2+3-2-2 3 2 2+3+19+  9 12  6  7 15  7  9 18 10
20130223 3 1+0+2 2+1 2+2+15- 15  5  2  7  9  4  9  9  8
20130224 1-2-1-1 0+1 0+1- 6+  3  6  3  4  2  4  2  3  3
20130225 0 0 0+1-1 1+1 2- 6   0  0  2  3  4  5  4  6  3
20130226 1 2-1 2-1+1 2 1 11-  4  6  4  6  5  4  7  4  5
20130227 1 1+2-1-1+1-0 1- 7+  4  5  6  3  5  3  0  3  4
20130228 2-1 2-1 2-1-2-4 13+  6  4  6  4  6  3  6 27  8
20130301 5-4-5-5 4+4+4 4+35  39 22 39 48 32 32 27 32 34
20130302 4 3+3-1+2 3-3 3+22+ 27 18 12  5  7 12 15 18 14
20130303 3-3 2+2-2-2-2 2+17+ 12 15  9  6  6  6  7  9  9
20130304 2+1-1+1+2-0+0+1- 9-  9  3  5  5  6  2  2  3  4
20130305 3-0+0+0+1-1-1 1- 7- 12  2  2  2  3  3  4  3  4
20130306 1+2+0+0+0+0 0+0+ 5+  5  9  2  2  2  0  2  2  3
20130307 0+1-1 1 1 0 0 0+ 4+  2  3  4  4  4  0  0  2  2
20130308 0 0 0+0+1-1-1+1- 4   0  0  2  2  3  3  5  3  2
20130309 2+2 1+2-2 1+2-0+13-  9  7  5  6  7  5  6  2  6
20130310 1 0 1-0+0+1 1 2  6+  4  0  3  2  2  4  4  7  3
20130311 3 2+1+0+1-0+0+0+ 9- 15  9  5  2  3  2  2  2  5
20130312 1+1 1+1 2+1+2 1 11+  5  4  5  4  9  5  7  4  5
20130313 2 1-1 1-0+0+1-1- 6+  7  3  4  3  2  2  3  3  3
20130314 0 1-0 1+3-2-1-1- 8-  0  3  0  5 12  6  3  3  4
20130315 1-3+2+2-1 0+0+1 11-  3 18  9  6  4  2  2  4  6
20130316 3+4-3-2 2-1+2-1+18- 18 22 12  7  6  5  6  5 10
20130317 2 2+7-6+6-6+7-6 42   7  9111 94 67 94111 80 72
20130318 3 2+2 2-1+1-2-1+14  15  9  7  6  5  3  6  5  7
20130319 1+1+1-0+1-1-2-3- 9+  5  5  3  2  3  3  6 12  5
20130320 2 3-2-1-2 2+3-3+17+  7 12  6  3  7  9 12 18  9
20130321 4+4+4-1 1 1-1-1 17- 32 32 22  4  4  3  3  4 13
20130322 1-1-0+1 1 1 2 2+ 9   3  3  2  4  4  4  7  9  4
20130323 2-1-1+2-3-2-3+4 17   6  3  5  6 12  6 18 27 10
20130324 3 1+1+1+1+1+1 0+11  15  5  5  5  5  5  4  2  6
20130325 0 0 1-1-1-1-2-1- 5   0  0  3  3  3  3  6  3  3
20130326 1+1-0+1-1-0+0+0  4+  5  3  2  3  3  2  2  0  2
20130327 2-3-3-3 3 5 3+4+26-  6 12 12 15 15 48 18 32 20
20130328 4 2-1 2 1+3 2 2+17+ 27  6  4  7  5 15  7  9 10
20130329 3+4-5-4 4-5+4-3 31+ 18 22 39 27 22 56 22 15 28
20130330 5 5 2+2-2 1 3+2+23- 48 48  9  6  7  4 18  9 19
20130331 1+1-1-0+1-1 2-2  8+  5  3  3  2  3  4  6  7  4
20130401 1 2-2-1+1 1 1-2 10+  4  6  6  5  4  4  3  7  5
20130402 2 0+0+0 0+1-1 2- 6+  7  2  2  0  2  3  4  6  3
20130403 0+0+0+0+1-0+0+1+ 4   2  2  2  2  3  2  2  5  2
20130404 2-2 1-1 1 1-1-0+ 8   6  7  3  4  4  3  3  2  4
20130405 0 0+0+0+1-0+1+1+ 5-  0  2  2  2  3  2  5  5  3
20130406 1+1+2-1+1+1-1 1+10   5  5  6  5  5  3  4  5  5
20130407 1 2-1 1 2 2-1+0 10-  4  6  4  4  7  6  5  0  4
20130408 0 0+1-0+1-1-0+0+ 3+  0  2  3  2  3  3  2  2  2
20130409 1+1+0+1+0+1-1-0+ 6+  5  5  2  5  2  3  3  2  3
20130410 0+1 1+1+1+1-1-2+ 9   2  4  5  5  5  3  3  9  4
20130411 0+0+1-1+1 1+1-2  8-  2  2  3  5  4  5  3  7  4
20130412 2 2-1+1 1+1-0+0+ 9-  7  6  5  4  5  3  2  2  4
20130413 2 2+1-1+1-1-0+3 11   7  9  3  5  3  3  2 15  6
20130414 3-3+3+3-2+3 2-2 21  12 18 18 12  9 15  6  7 12
20130415 1 1+1 0+1 0 3 2 10-  4  5  4  2  4  0 15  7  5
20130416 1 0 0 0 0 1 2-2  6-  4  0  0  0  0  4  6  7  3
20130417 1-1-1-0+1-0+0 0+ 4-  3  3  3  2  3  2  0  2  2
20130418 1 0 0+0+0+0+1-0  3   4  0  2  2  2  2  3  0  2
20130419 0 0 0 0 0+0 0+0+ 1   0  0  0  0  2  0  2  2  1
20130420 0+0 1-1+2 1-0 1- 6-  2  0  3  5  7  3  0  3  3
20130421 0 0+0+0+0+1+1-0+ 4-  0  2  2  2  2  5  3  2  2
20130422 2-2-0+1-1 1 0+1- 7+  6  6  2  3  4  4  2  3  4
20130423 0+1 1 1+1+2+2 3-12   2  4  4  5  5  9  7 12  6
20130424 4-3 2+4 5-3+5 3 29  22 15  9 27 39 18 48 15 24
20130425 3 2+1+3-2+3-3-2-19- 15  9  5 12  9 12 12  6 10
20130426 3 5-3 3 3-3 3-3+25+ 15 39 15 15 12 15 12 18 18
20130427 2+2 2-1 1+2-1-1+12   9  7  6  4  5  6  3  5  6
20130428 0+0 0+2-2+2 2 2 11-  2  0  2  6  9  7  7  7  5
20130429 3-0+1-0+1 0 1-1+ 7  12  2  3  2  4  0  3  5  4
20130430 1+1-1 2-2-1+1-3-11   5  3  4  6  6  5  3 12  6
20130501 3-3 5-4-5-3+6-3+31  12 15 39 22 39 18 67 18 29
20130502 3+4-2 2-1 2-3 2-18  18 22  7  6  4  6 15  6 10
20130503 2-1+1 1-1+2 2-1-10+  6  5  4  3  5  7  6  3  5
20130504 1+1-1+1+1+2-1+2-11-  5  3  5  5  5  6  5  6  5
20130505 2 2 2-1+2 3+2-0+14+  7  7  6  5  7 18  6  2  7
20130506 1+1 2+2+2-2 2 2+15   5  4  9  9  6  7  7  9  7
20130507 3 3-3-2+2 2-2-1-17- 15 12 12  9  7  6  6  3  9
20130508 3 2-2-1 1+2-1+1+13  15  6  6  4  5  6  5  5  6
20130509 1+1+1 1+1-1-0+0+ 7   5  5  4  5  3  3  2  2  4
20130510 1 1+1-1+1+0+1-0+ 7   4  5  3  5  5  2  3  2  4
20130511 0 1+1-1 0+0+1-1- 5   0  5  3  4  2  2  3  3  3
20130512 1 2-1-1 0+1 0+0+ 6+  4  6  3  4  2  4  2  2  3
20130513 1-1 1+1-1-2+1 0+ 8   3  4  5  3  3  9  4  2  4
20130514 1+1-2 2+2+2-2 2-14   5  3  7  9  9  6  7  6  6
20130515 0+1 2-2 4 2+2 1-14   2  4  6  7 27  9  7  3  8
20130516 3+4 2-2-3+4 2+3+24- 18 27  6  6 18 27  9 18 16
20130517 2+2+1+1+2-2+3+2 17-  9  9  5  5  6  9 18  7  8
20130518 4+5+3 2+2 2-3+2 24  32 56 15  9  7  6 18  7 19
20130519 3+2 2 2 2+3-2 4-20  18  7  7  7  9 12  7 22 11
20130520 2 1+0+1 2-2+2+2 13   7  5  2  4  6  9  9  7  6
20130521 2-1 2-1 1-1-1 2+10   6  4  6  4  3  3  4  9  5
20130522 3 2-2-2+3-2+3-2+19- 15  6  6  9 12  9 12  9 10
20130523 1+3 1+2 2+2-2 2-15+  5 15  5  7  9  6  7  6  8
20130524 2 3-2 3-3+2+6-4+25   7 12  7 12 18  9 67 32 20
20130525 4+5 3 4+4 5 5 5 36- 32 48 15 32 27 48 48 48 37
20130526 4 4-4 2-2 4 4-2 25  27 22 27  6  7 27 22  7 18
20130527 2 3 2 2+3 3+4 2+22   7 15  7  9 15 18 27  9 13
20130528 3-3 2+2 2 1 1-0 14- 12 15  9  7  7  4  3  0  7
20130529 0 0+0 0 0+0+0+0  1+  0  2  0  0  2  2  2  0  1
20130530 0+0 0 0+0+1-1-0  2+  2  0  0  2  2  3  3  0  2
20130531 0 0+0+1-1+3+4-4-13+  0  2  2  3  5 18 22 22  9
20130601 6-7 6+5 6-3+4-3 40- 67132 94 48 67 18 22 15 58
20130602 4 3+3+3 3+3-3 3-25+ 27 18 18 15 18 12 15 12 17
20130603 3 2 2-2-1+2 3-3 17+ 15  7  6  6  5  7 12 15  9
20130604 3 2+2 1+1-1 2-3-15- 15  9  7  5  3  4  6 12  8
20130605 2+1+1 1 1+1 1+1 10+  9  5  4  4  5  4  5  4  5
20130606 1+3 3 3 4-5 4 5-28-  5 15 15 15 22 48 27 39 23
20130607 5 6-5-4 3 2+2-1+28- 48 67 39 27 15  9  6  5 27
20130608 2+3 3 2+1 0+0+1 13+  9 15 15  9  4  2  2  4  8
20130609 1 1+1+1 2+3-2+2+14+  4  5  5  4  9 12  9  9  7
20130610 2+3+3+3-2+2 2-0+18   9 18 18 12  9  7  6  2 10
20130611 0+0+0+1 3-2+1+1+10-  2  2  2  4 12  9  5  5  5
20130612 1 1+1 1 1 1-0+1  7+  4  5  4  4  4  3  2  4  4
20130613 2-1 0 0+0+0+0+1- 5-  6  4  0  2  2  2  2  3  3
20130614 1 0+0+1 0+0+1 1+ 6-  4  2  2  4  2  2  4  5  3
20130615 2-1-1+1 0+1-0+1  7   6  3  5  4  2  3  2  4  4
20130616 0+0 0 1-0+0+1-0+ 3-  2  0  0  3  2  2  3  2  2
20130617 0+1 1 1-1-0+1-1- 5+  2  4  4  3  3  2  3  3  3
20130618 1-1+1-0+1-1 1+1- 7-  3  5  3  2  3  4  5  3  4
20130619 1+1+0+0+1 1 1 2  8+  5  5  2  2  4  4  4  7  4
20130620 2+2-1 2-2 2+4+3+19-  9  6  4  6  7  9 32 18 11
20130621 4 4-3-3-3 3 4-3 26- 27 22 12 12 15 15 22 15 18
20130622 3+3 3 3-2 2+3+3-22+ 18 15 15 12  7  9 18 12 13
20130623 3+4 4-3-2 4-3+3 26- 18 27 22 12  7 22 18 15 18
20130624 3 3 2+2+4-4 4+3-25+ 15 15  9  9 22 27 32 12 18
20130625 3 2+2-1 0+1+1+2-13- 15  9  6  4  2  5  5  6  6
20130626 0+0+0+0+0+1 0+0+ 3+  2  2  2  2  2  4  2  2  2
20130627 1-0+0+0+3+2 2 3-12-  3  2  2  2 18  7  7 12  7
20130628 3+3 2-3-3+5-4+5-28- 18 15  6 12 18 39 32 39 22
20130629 6-6+6-5+5-4 4+4-40- 67 94 67 56 39 27 32 22 50
20130630 3+2 1 3-3-2+2+3-19  18  7  4 12 12  9  9 12 10
20130701 3 2+2+1+1 0+1 0+12- 15  9  9  5  4  2  4  2  6
20130702 0+1-1-1-1-1+1 1  6+  2  3  3  3  3  5  4  4  3
20130703 1 0+1-1-0+1 1 2- 7-  4  2  3  3  2  4  4  6  4
20130704 1 0+0+0 1-1+1+2- 7-  4  2  2  0  3  5  5  6  3
20130705 2-2 2-1+2 2 4-2-16   6  7  6  5  7  7 22  6  8
20130706 3 4+5-4-5-4 3 4 31+ 15 32 39 22 39 27 15 27 27
20130707 4 1 0+0 1-1 1-0+ 8  27  4  2  0  3  4  3  2  6
20130708 0+2-2-1-1-1-1-1- 7   2  6  6  3  3  3  3  3  4
20130709 0 0+1 2-2+3-3+3+15-  0  2  4  6  9 12 18 18  9
20130710 4+4 3 4+4-4 4+3+31  32 27 15 32 22 27 32 18 26
20130711 2+3 5-3-3 4-5-2 26   9 15 39 12 15 22 39  7 20
20130712 2-2+2+2-2-2 2+3 17   6  9  9  6  6  7  9 15  8
20130713 3 3 2+1 1-1+2-2+15+ 15 15  9  4  3  5  6  9  8
20130714 3 3 3+4-4+4 5 4 30+ 15 15 18 22 32 27 48 27 26
20130715 5+5 4-4-4-2+2-2-27  56 48 22 22 22  9  6  6 24
20130716 0+1 1 1 1+1 2+1  9   2  4  4  4  5  4  9  4  4
20130717 0+1 1 0+1-1-1 2- 7-  2  4  4  2  3  3  4  6  4
20130718 1 0+2-2 4+5-5-2+21   4  2  6  7 32 39 39  9 17
20130719 3-3-4-3-3+3-4-3-24  12 12 22 12 18 12 22 12 15
20130720 3 1-1+1 1-0+0+1- 8  15  3  5  4  3  2  2  3  5
20130721 1-1-1-1 1 1 1+1+ 8-  3  3  3  4  4  4  5  5  4
20130722 0+0+0+1-2-2-1+3- 9   2  2  2  3  6  6  5 12  5
20130723 2 1+0+1 1-1 1 1+ 9-  7  5  2  4  3  4  4  5  4
20130724 2 1-1-0+1 1-1 1+ 8-  7  3  3  2  4  3  4  5  4
20130725 0+1 1-1-2-4-4 4 16   2  4  3  3  6 22 27 27 12
20130726 4 3+2-2-2+2+2 2-19  27 18  6  6  9  9  7  6 11
20130727 3-2-1+2+3-2+3-2+18  12  6  5  9 12  9 12  9  9
20130728 2 2+1 1 1-1 2-2+12   7  9  4  4  3  4  6  9  6
20130729 1+2-1+1 2 1-0+1  9+  5  6  5  4  7  3  2  4  4
20130730 1-1+1 1 2 1 1+2-10   3  5  4  4  7  4  5  6  5
20130731 2 1 0 1-1 1 1+1- 8-  7  4  0  3  4  4  5  3  4
20130801 1+2-1-1 1+2 0+0  8+  5  6  3  4  5  7  2  0  4
20130802 0+1-0+1-0+1 1-0  4   2  3  2  3  2  4  3  0  2
20130803 1-0+0+0+1 1-1+2  7-  3  2  2  2  4  3  5  7  4
20130804 1+1 2+2+1+5-4-4 21-  5  4  9  9  5 39 22 27 15
20130805 4+4-2+3-2 2+3-2+22+ 32 22  9 12  7  9 12  9 14
20130806 2 1+2-1+1+0+1 2-11-  7  5  6  5  5  2  4  6  5
20130807 1+1 1+0+1-0+1-0  6-  5  4  5  2  3  2  3  0  3
20130808 0+0+1 0+1-1-1 2- 6   2  2  4  2  3  3  4  6  3
20130809 1-2 2-2 2 1 2+1+13   3  7  6  7  7  4  9  5  6
20130810 1 1+2-2-2+1-1 1 11-  4  5  6  6  9  3  4  4  5
20130811 1 1 1 1+1+1 1-1  8+  4  4  4  5  5  4  3  4  4
20130812 1 0+0+1-1-1 2-3  9-  4  2  2  3  3  4  6 15  5
20130813 2 0+0+2 1+3+3 2+15-  7  2  2  7  5 18 15  9  8
20130814 4-3 2-0+1 1+2+3 16+ 22 15  6  2  4  5  9 15 10
20130815 4-2+2 3-3-4-2-3+22  22  9  7 12 12 22  6 18 14
20130816 4-5+3+2+4+4+3+3+30  22 56 18  9 32 32 18 18 26
20130817 2+2+2+1+2 2-1+2-15   9  9  9  5  7  6  5  6  7
20130818 2-1-2 1+1+2-2 1 12-  6  3  7  5  5  6  7  4  5
20130819 2-1+1-1-1+1+1-1- 8+  6  5  3  3  5  5  3  3  4
20130820 1-0 0+1-0+1-1-2+ 6-  3  0  2  3  2  3  3  9  3
20130821 2+4-2+3 3 3+4 4+26   9 22  9 15 15 18 27 32 18
20130822 4-4-2+1+2-2-3 4-21  22 22  9  5  6  6 15 22 13
20130823 4+3 3+3-2 3-3-2+23  32 15 18 12  7 12 12  9 15
20130824 2+2-2-2-2+1+2 1 14   9  6  6  6  9  5  7  4  6
20130825 1 2-1+2-2 2 1-1+12-  4  6  5  6  7  7  3  5  5
20130826 2 1 1 1 1 1-2-2 10+  7  4  4  4  4  3  6  7  5
20130827 3-1-0+1+3 3 5 4+20+ 12  3  2  5 15 15 48 32 16
20130828 4 3 2 1+2-1+1-1 15  27 15  7  5  6  5  3  4  9
20130829 0+0 0+0+0+1-1-0+ 3   2  0  2  2  2  3  3  2  2
20130830 0 0 1 2 2 2-2+4 13   0  0  4  7  7  6  9 27  8
20130831 4 3-3 2+3-2-0+2+19  27 12 15  9 12  6  2  9 12
20130901 3+2 2+1+3-2 2+2+18+ 18  7  9  5 12  7  9  9 10
20130902 1+3+3+2 3-2-1+1-16+  5 18 18  7 12  6  5  3  9
20130903 1+0+1 2-2 1 2-3+12+  5  2  4  6  7  4  6 18  6
20130904 2 1-1 2-1+1-2-1+10+  7  3  4  6  5  3  6  5  5
20130905 0 0 0 2-1-1-1 1- 5-  0  0  0  6  3  3  4  3  2
20130906 1+1+1-1 1 1-2 2-10-  5  5  3  4  4  3  7  6  5
20130907 0+1 1 1-1-0+0+1- 5   2  4  4  3  3  2  2  3  3
20130908 2-3 1+1 2-1+1-0 11-  6 15  5  4  6  5  3  0  6
20130909 0 1 1+1 0+0+1-0+ 5   0  4  5  4  2  2  3  2  3
20130910 0 0 0 2+2+3-3-2+12+  0  0  0  9  9 12 12  9  6
20130911 2-0+1-2-2-1 2-2-10+  6  2  3  6  6  4  6  6  5
20130912 2+0+1+1+1 1+2 3-12+  9  2  5  5  4  5  7 12  6
20130913 3 2-2 1+2 4-2+1 17  15  6  7  5  7 22  9  4  9
20130914 2-2-2+1+1+0+1 1-10+  6  6  9  5  5  2  4  3  5
20130915 1+0 0 0 0 1-1-1  4-  5  0  0  0  0  3  3  4  2
20130916 2-1-1+1 1-1-0+1  7+  6  3  5  4  3  3  2  4  4
20130917 2-2+2+1-2-2-3 2 15+  6  9  9  3  6  6 15  7  8
20130918 2+2+0+1+2 3-2+3-16   9  9  2  5  7 12  9 12  8
20130919 3-3 4 4-2-2-3-2-21  12 15 27 22  6  6 12  6 13
20130920 2-2+2-1+2 0+1-2 12   6  9  6  5  7  2  3  7  6
20130921 1+2 2-3-2 2+2 2-16-  5  7  6 12  7  9  7  6  7
20130922 2+2 2 1-1+1-0+1-10   9  7  7  3  5  3  2  3  5
20130923 1-2 1+0+1-1-2-1+ 9-  3  7  5  2  3  3  6  5  4
20130924 2-1 1-4-4+3+1 1+17   6  4  3 22 32 18  4  5 12
20130925 3-2-2-0+0+0 0 1- 7+ 12  6  6  2  2  0  0  3  4
20130926 0 0 0 0+0+0 0+0  1   0  0  0  2  2  0  2  0  1
20130927 0 0 0 0 0+0 1-0+ 1+  0  0  0  0  2  0  3  2  1
20130928 0 0 0 0 0 0 0+0  0+  0  0  0  0  0  0  2  0  0
20130929 0 0 0 0 0 0 1 2- 3-  0  0  0  0  0  0  4  6  1
20130930 2-1 0+0 0 0 0 0+ 3+  6  4  2  0  0  0  0  2  2
20131001 0 0 1-0+2 2-2 2+ 9   0  0  3  2  7  6  7  9  4
20131002 5+8-6-4-3 3+6-5-39  56179 67 22 15 18 67 39 58
20131003 3+0+0 0 0 1+2-0  7- 18  2  0  0  0  5  6  0  4
20131004 0 0 0 0 0 1-0+0  1   0  0  0  0  0  3  2  0  1
20131005 0 0 0 0+0 0 0 0  0+  0  0  0  2  0  0  0  0  0
20131006 0 0 0+0+1-0+0+1+ 3+  0  0  2  2  3  2  2  5  2
20131007 1 3-2-1-1-1-1-1- 9-  4 12  6  3  3  3  3  3  5
20131008 0+1-0+1-1+1 5 6-15   2  3  2  3  5  4 48 67 17
20131009 5 5 5+4-3 3+2-3+30+ 48 48 56 22 15 18  6 18 29
20131010 4-4-2-2 1 1+1-1 15  22 22  6  7  4  5  3  4  9
20131011 2-2 2 1+2-1-1 1-11   6  7  7  5  6  3  4  3  5
20131012 0 1 0+1 1-1-2 2+ 8   0  4  2  4  3  3  7  9  4
20131013 1+0 0 0+0 0+1-0  3-  5  0  0  2  0  2  3  0  2
20131014 0 2+2+3+3+4+4 4 24-  0  9  9 18 18 32 27 27 18
20131015 4+4 3 4 3-1-1 3 23- 32 27 15 27 12  3  4 15 17
20131016 4-3-2-2-2 3-2-2+18+ 22 12  6  6  7 12  6  9 10
20131017 3-3 2+2+3-2 1+1 17+ 12 15  9  9 12  7  5  4  9
20131018 0+0 1-0 0+0 2-0+ 3+  2  0  3  0  2  0  6  2  2
20131019 0 0 0+1-0+1-0 0  2   0  0  2  3  2  3  0  0  1
20131020 0 0 0+0+0+0+0+1  3-  0  0  2  2  2  2  2  4  2
20131021 0 0 0+0 0+1 0+0  2   0  0  2  0  2  4  2  0  1
20131022 0 0+2 2-0+1-2-2  9-  0  2  7  6  2  3  6  7  4
20131023 1 2+2-1+0+0 0+0  7   4  9  6  5  2  0  2  0  4
20131024 0+1 0 1 0+0 0 0  3-  2  4  0  4  2  0  0  0  2
20131025 0 0+1-0 0+1-0+1  3+  0  2  3  0  2  3  2  4  2
20131026 0+0 0+0+0 0+0+1  3-  2  0  2  2  0  2  2  4  2
20131027 0 0 1-1-1 0+1 0  4-  0  0  3  3  4  2  4  0  2
20131028 0+0+0+0+0 0+0 0  2-  2  2  2  2  0  2  0  0  1
20131029 0 0 0+3-2 1-2+2+10+  0  0  2 12  7  3  9  9  5
20131030 0+1-2+3 3 3+3+4 20   2  3  9 15 15 18 18 27 13
20131031 2 0+1-2-2 2+1+2 12+  7  2  3  6  7  9  5  7  6
20131101 2+2 1 1+1+1-1 0+10   9  7  4  5  5  3  4  2  5
20131102 1+1+0 1-0+1-0 2- 6   5  5  0  3  2  3  0  6  3
20131103 3-3-3-1 0+0 2+2-13+ 12 12 12  4  2  0  9  6  7
20131104 0 1+2-2-1 2+1+1 10+  0  5  6  6  4  9  5  4  5
20131105 2-1-1 1+0+1-0+1+ 7+  6  3  4  5  2  3  2  5  4
20131106 0+0 1 1 0+1 2-2  7+  2  0  4  4  2  4  6  7  4
20131107 2-3+3-4 3+1 2 2-20-  6 18 12 27 18  4  7  6 12
20131108 3-2-1+1 0+0+0 0  7+ 12  6  5  4  2  2  0  0  4
20131109 3 5-5 4+4-2+2 1+26+ 15 39 48 32 22  9  7  5 22
20131110 3 3 2-3-2 2+3+3+21+ 15 15  6 12  7  9 18 18 12
20131111 4+4 5-4-4-4-2+0+27- 32 27 39 22 22 22  9  2 22
20131112 1-1-0+1-0+0 0+0  3   3  3  2  3  2  0  2  0  2
20131113 0 1-1 1-1+0 0+0+ 4+  0  3  4  3  5  0  2  2  2
20131114 0 0 0+1-1-1-0+1- 3+  0  0  2  3  3  3  2  3  2
20131115 2 2+1 1-1+2+3-4 16+  7  9  4  3  5  9 12 27 10
20131116 3+4-3 3 2+2-1+2 20+ 18 22 15 15  9  6  5  7 12
20131117 2-2 2+2-1+1-1+1+12+  6  7  9  6  5  3  5  5  6
20131118 1 0 1-1-0 0+0 0  3-  4  0  3  3  0  2  0  0  2
20131119 0 0 1-1-1-1 2 1  6   0  0  3  3  3  4  7  4  3
20131120 1 2-1+1+2-0 0+0  7+  4  6  5  5  6  0  2  0  4
20131121 0 0 0 0 0 0 0+1- 1   0  0  0  0  0  0  2  3  1
20131122 1-0 0 0 0 0 1 1  3-  3  0  0  0  0  0  4  4  1
20131123 1-3-3+3 2 1 1 0 14-  3 12 18 15  7  4  4  0  8
20131124 0 0 0 0+0 0 0 0  0+  0  0  0  2  0  0  0  0  0
20131125 0 0 0 0 0 0 0 0  0   0  0  0  0  0  0  0  0  0
20131126 0 0 0 0+0 0+0+1- 2-  0  0  0  2  0  2  2  3  1
20131127 0 0 0 0 0+1-0 0  1   0  0  0  0  2  3  0  0  1
20131128 0 0 0 0 0+1-0 0+ 1+  0  0  0  0  2  3  0  2  1
20131129 1 2+1+1+1+2 3+2-14+  4  9  5  5  5  7 18  6  7
20131130 1+1 1+2 2 2 3-4-16   5  4  5  7  7  7 12 22  9
20131201 4-3+3-1+3-1 0 1-15+ 22 18 12  5 12  4  0  3 10
20131202 0+0 0 0 0+0+0 0  1   2  0  0  0  2  2  0  0  1
20131203 1+2 1+2 2+2 3-2-15+  5  7  5  7  9  7 12  6  7
20131204 2+1+1-0 0 1-2-1  8-  9  5  3  0  0  3  6  4  4
20131205 0+1+1-2-1+1-1 1- 8-  2  5  3  6  5  3  4  3  4
20131206 1 1+1 0+0+0+1-1+ 6+  4  5  4  2  2  2  3  5  3
20131207 2 1 2-0 0+0+2 3-10   7  4  6  0  2  2  7 12  5
20131208 6 6-4-2 2 3+3 2-27+ 80 67 22  7  7 18 15  6 28
20131209 1-0 0 0+1+2 1+1+ 7   3  0  0  2  5  7  5  5  3
20131210 1 3-1 1 1 0+0+0  7+  4 12  4  4  4  2  2  0  4
20131211 1-1-1-1 1 0+0+1  6-  3  3  3  4  4  2  2  4  3
20131212 0+0+0 0 0 0 0 0+ 1   2  2  0  0  0  0  0  2  1
20131213 0+0+0 0+2 2-1-1- 6   2  2  0  2  7  6  3  3  3
20131214 3+4 2 1+1+3+4 2+22- 18 27  7  5  5 18 27  9 14
20131215 2 1 1 1 1 3-1 1 11-  7  4  4  4  4 12  4  4  5
20131216 2+3-2-1-1 1-1+1+12-  9 12  6  3  4  3  5  5  6
20131217 2-1-0 0 0 1 2+1- 6+  6  3  0  0  0  4  9  3  3
20131218 1-1 1+1-0 1-0+1+ 6   3  4  5  3  0  3  2  5  3
20131219 1+1+0+0 1-2+2 2-10-  5  5  2  0  3  9  7  6  5
20131220 2+2+0 1-1-1+2-1 10   9  9  0  3  3  5  6  4  5
20131221 1 2-0+1-0+0 1-0+ 5   4  6  2  3  2  0  3  2  3
20131222 0 0+0 1-0 0 0 0  1   0  2  0  3  0  0  0  0  1
20131223 1-0+0+0 0+0+0+1- 3   3  2  2  0  2  2  2  3  2
20131224 0 0 0 0 0 1-0+2- 3-  0  0  0  0  0  3  2  6  1
20131225 2 1 2-1+3 2 1+0+13-  7  4  6  5 15  7  5  2  6
20131226 0+0+0+0+1-0+0+0  3-  2  2  2  2  3  2  2  0  2
20131227 0 0 0 0 0 0 1 0+ 1+  0  0  0  0  0  0  4  2  1
20131228 0 0 0 0 1-1-1 1  3+  0  0  0  0  3  3  4  4  2
20131229 2-1-1-2-1-1 1 0  7+  6  3  3  6  3  4  4  0  4
20131230 0 0 1 1-1-1-0 0+ 3+  0  0  4  3  3  3  0  2  2
20131231 1+2-2 1+1+1 1 1-10+  5  6  7  5  5  4  4  3  5
