YYYYMMDD Kp[8]           Sum ap[8]                   Ap
20080101 2-2-1-1 1-1-1-1  8   6  6  3  4  3  3  3  4  4
20080102 0+0 0+0+0+1-1 0+ 3+  2  0  2  2  2  3  4  2  2
20080103 0 1-0+0+0+0 0+1- 3-  0  3  2  2  2  0  2  3  2
20080104 0 0 0 1-1-1 0+2- 4+  0  0  0  3  3  4  2  6  2
20080105 2 3 4-4-4-3 4-4 27-  7 15 22 22 22 15 22 27 19
20080106 3-4-3 2+3 4-4-3+25+ 12 22 15  9 15 22 22 18 17
20080107 4 4-2+3 3 1+1+3-21+ 27 22  9 15 15  5  5 12 14
20080108 2+3 3-3 2+4-3+3 23+  9 15 12 15  9 22 18 15 14
20080109 3+2+2+2-1 1 1 2-14+ 18  9  9  6  4  4  4  6  8
20080110 2 1-1 1 1+1 1-1  9-  7  3  4  4  5  4  3  4  4
20080111 2-1-1-1 0 0+1 0+ 6-  6  3  3  4  0  2  4  2  3
20080112 0+0 1 1+2 4 3 2 14-  2  0  4  5  7 27 15  7  8
20080113 3-2+2-1 3 3 3+2 19  12  9  6  4 15 15 18  7 11
20080114 3+3 3-4+3 3+4 3+27  18 15 12 32 15 18 27 18 19
20080115 3 3-2+2 3 2+1+2 19- 15 12  9  7 15  9  5  7 10
20080116 3-3-3+3-2+3 3-3 22+ 12 12 18 12  9 15 12 15 13
20080117 3 2 2-2 3 2 3-4-20  15  7  6  7 15  7 12 22 11
20080118 3+3 3 2-2+3 3-2 21  18 15 15  6  9 15 12  7 12
20080119 2-2 2+3 3 4-2-2-19   6  7  9 15 15 22  6  6 11
20080120 1-3 2 1+2-1-2-2 13   3 15  7  5  6  3  6  7  6
20080121 1-1+1+1+2-2-2+2-12   3  5  5  5  6  6  9  6  6
20080122 1-1+0+0 0+1-1-0+ 4+  3  5  2  0  2  3  3  2  2
20080123 0 0+1 1 1 1+2 2+ 9   0  2  4  4  4  5  7  9  4
20080124 1+1-1 1-2 2-2+2-11+  5  3  4  3  7  6  9  6  5
20080125 3-4-3-2 1-1+3 2 18  12 22 12  7  3  5 15  7 10
20080126 3 2+2-2-1+2-1-2-14  15  9  6  6  5  6  3  6  7
20080127 1+1-0 0+0+1+2 2- 8-  5  3  0  2  2  5  7  6  4
20080128 1 2-0+1 1-0+1+2  8+  4  6  2  4  3  2  5  7  4
20080129 1+3-2-2-1-0 0 0  8   5 12  6  6  3  0  0  0  4
20080130 1 2-0 0+0 0 0 0  3   4  6  0  2  0  0  0  0  2
20080131 0 0 0 1-1-2+3 3- 9+  0  0  0  3  3  9 15 12  5
20080201 3+2+3+3-2-3+4+4+25+ 18  9 18 12  6 18 32 32 18
20080202 4+5-3 2 3+2+3+3 26  32 39 15  7 18  9 18 15 19
20080203 3 3 3+3+2+3+4-3+25+ 15 15 18 18  9 18 22 18 17
20080204 3-3-2 2 1 1+2+2 16  12 12  7  7  4  5  9  7  8
20080205 2 2 0 0+1 1+1+0+ 8+  7  7  0  2  4  5  5  2  4
20080206 0 0+1-0+1 1+2+2  8   0  2  3  2  4  5  9  7  4
20080207 3 2+0 0 0+2+1+3 12+ 15  9  0  0  2  9  5 15  7
20080208 3+1+1+1-1-1 2 2+13- 18  5  5  3  3  4  7  9  7
20080209 1 0+0 1-2 1 2-2- 8+  4  2  0  3  7  4  6  6  4
20080210 0+3-3 4-4+5-3+4 26   2 12 15 22 32 39 18 27 21
20080211 3+4 3-4-3+3+2+3-25+ 18 27 12 22 18 18  9 12 17
20080212 3-3 3-3-3 3-3-3-22  12 15 12 12 15 12 12 12 13
20080213 3-3-4-2 4-3+2+2-22  12 12 22  7 22 18  9  6 14
20080214 2+2 2+2 3 1+4+4-21   9  7  9  7 15  5 32 22 13
20080215 2 3 3 3+3+3 2 2 22-  7 15 15 18 18 15  7  7 13
20080216 3 3+2+2 3-1 3-0 17  15 18  9  7 12  4 12  0 10
20080217 0+2 2 2 2-1-1 1+11   2  7  7  7  6  3  4  5  5
20080218 1-1 2 3 4-3+3 3+20   3  4  7 15 22 18 15 18 13
20080219 3+3 4-3-3-3-3-1+22  18 15 22 12 12 12 12  5 14
20080220 1+3 2 1+1+1+0+1 12-  5 15  7  5  5  5  2  4  6
20080221 1-1-1+2-2+2+2-1-11+  3  3  5  6  9  9  6  3  6
20080222 1-1 2-1 1 1-0+1  7+  3  4  6  4  4  3  2  4  4
20080223 0+1-1 1-1 2 2+2 10   2  3  4  3  4  7  9  7  5
20080224 1 1-1-1-1-1 1 1+ 7   4  3  3  3  3  4  4  5  4
20080225 1+1+1 1+0+1-0+0+ 7-  5  5  4  5  2  3  2  2  4
20080226 0+2-1-1-1 1 1+1+ 8   2  6  3  3  4  4  5  5  4
20080227 2 2 1 1 2-3-4+3-17+  7  7  4  4  6 12 32 12 10
20080228 4-3+3-3+3 4+4+4+29  22 18 12 18 15 32 32 32 23
20080229 4+3+4 4-3 5+4+5 33  32 18 27 22 15 56 32 48 31
20080301 5+4-3 3 4-3+3-3-27+ 56 22 15 15 22 18 12 12 22
20080302 2+2+3 2 2-2+2 2+18   9  9 15  7  6  9  7  9  9
20080303 2+2+2-2+1-1+1 0+12   9  9  6  9  3  5  4  2  6
20080304 2-1+2-1-1+0 0 0+ 7   6  5  6  3  5  0  0  2  3
20080305 2-2-2-2 3+3-2 1 16   6  6  6  7 18 12  7  4  8
20080306 1-1-0+0+0+1+0+1+ 5+  3  3  2  2  2  5  2  5  3
20080307 1+1 1-0 0+0 1-1- 5-  5  4  3  0  2  0  3  3  2
20080308 0 0 1-2 4 3+3+1+15-  0  0  3  7 27 18 18  5 10
20080309 4+6-5 4-3+4-3-4-32  32 67 48 22 18 22 12 22 30
20080310 4 4-2 3+3+3+3+4-27- 27 22  7 18 18 18 18 22 19
20080311 3-2+4-3-4 4-2 2-23- 12  9 22 12 27 22  7  6 15
20080312 3-4-4-2 2 1+4-3-22- 12 22 22  7  7  5 22 12 14
20080313 2+3-2+3+3+2 2+2 20+  9 12  9 18 18  7  9  7 11
20080314 3 3+3 2 2+4 3 4-24+ 15 18 15  7  9 27 15 22 16
20080315 3+3-2+3+3-2-1+2-19  18 12  9 18 12  6  5  6 11
20080316 3-2 1+1-2-2-1+2-13  12  7  5  3  6  6  5  6  6
20080317 2+1-0 1-1-2 2-1  9   9  3  0  3  3  7  6  4  4
20080318 3+4-1+1+1+1+0+1-13+ 18 22  5  5  5  5  2  3  8
20080319 0 1 2-1 3-3 2+2+14   0  4  6  4 12 15  9  9  7
20080320 2-2-1 2 3+3-2 2 16+  6  6  4  7 18 12  7  7  8
20080321 2 2-1-1+1-1+2 3-12+  7  6  3  5  3  5  7 12  6
20080322 2-0+0+1-1 1-1 3- 8+  6  2  2  3  4  3  4 12  4
20080323 3+3 3-2+2-2-1 1+17  18 15 12  9  6  6  4  5  9
20080324 0+2-1-1-1-1-1-1- 6   2  6  3  3  3  3  3  3  3
20080325 0 0 0+1-1+1 1+2  7-  0  0  2  3  5  4  5  7  3
20080326 1+2 4-4+5-4+5 4 29+  5  7 22 32 39 32 48 27 26
20080327 5 5 4 3 3-5-5 5 34+ 48 48 27 15 12 39 48 48 36
20080328 4+4-4+4-4+3+4-3 30+ 32 22 32 22 32 18 22 15 24
20080329 2 3 1+1+2+2 3-3 18-  7 15  5  5  9  7 12 15  9
20080330 4-3-2+2-2-1+1+2+17  22 12  9  6  6  5  5  9  9
20080331 2-1 0 1 2-0+1+1+ 8+  6  4  0  4  6  2  5  5  4
20080401 1+3-2-1-1 1-1-0  9-  5 12  6  3  4  3  3  0  4
20080402 0 1-0+0 0 0+0+0+ 2   0  3  2  0  0  2  2  2  1
20080403 1+1-0 0+1-1-0 0  4-  5  3  0  2  3  3  0  0  2
20080404 0 0+0+1-2+4-4+3+15   0  2  2  3  9 22 32 18 11
20080405 1+1+1 3+3-5 4-4+23-  5  5  4 18 12 48 22 32 18
20080406 3+5-5-3 3+2 2+3 26+ 18 39 39 15 18  7  9 15 20
20080407 3+4-2 2-1+4-3-3 21+ 18 22  7  6  5 22 12 15 13
20080408 2-2 2-3-3 2 2+3 18+  6  7  6 12 15  7  9 15 10
20080409 3+3-4-3+3-2-2 2+22- 18 12 22 18 12  6  7  9 13
20080410 3 3-2 2-2+2-2+2+18  15 12  7  6  9  6  9  9  9
20080411 2+1+0+2-2-1+0+1-10-  9  5  2  6  6  5  2  3  5
20080412 3-3+3 3-3 1+3-3-21+ 12 18 15 12 15  5 12 12 13
20080413 1 2-1+2+3 3 2 1 15+  4  6  5  9 15 15  7  4  8
20080414 1+1 0 0 0 0+0 0+ 3   5  4  0  0  0  2  0  2  2
20080415 0 0 0+0+2 1+2-3  9-  0  0  2  2  7  5  6 15  5
20080416 3 2+3 2+3+3-4 3-23+ 15  9 15  9 18 12 27 12 15
20080417 3+3-1 1 1+2-2-1-13+ 18 12  4  4  5  6  6  3  7
20080418 2 2+2 2-2-1+1+1+14-  7  9  7  6  6  5  5  5  6
20080419 2 2-1 1 1-1+1+3-12-  7  6  4  4  3  5  5 12  6
20080420 2 0+0+1-1-2-1 1- 7+  7  2  2  3  3  6  4  3  4
20080421 2 2+1-1+1 2-1-1-10+  7  9  3  5  4  6  3  3  5
20080422 0+1-1-1+1-3-2+3 12-  2  3  3  5  3 12  9 15  6
20080423 3 4 5+3+4-4+4 4-31+ 15 27 56 18 22 32 27 22 27
20080424 4-4-4-3+3+2 2 3-24+ 22 22 22 18 18  7  7 12 16
20080425 2+3-2+2-2 2-2-1+16-  9 12  9  6  7  6  6  5  8
20080426 3 1+2 2 2-3+2+3-18+ 15  5  7  7  6 18  9 12 10
20080427 3-2+2 2-1+2 1+1 14+ 12  9  7  6  5  7  5  4  7
20080428 1+1-2 2 3-4-3+3 19-  5  3  7  7 12 22 18 15 11
20080429 3 2+1+0+1 1-1+1 11  15  9  5  2  4  3  5  4  6
20080430 0 0+0+1 1 3 4+1 11   0  2  2  4  4 15 32  4  8
20080501 1-1+1+1-0+2 3-4 13   3  5  5  3  2  7 12 27  8
20080502 5-3 2+1 3-1-0+1 16- 39 15  9  4 12  3  2  4 11
20080503 3-2+2+3 3 2 3 2 20+ 12  9  9 15 15  7 15  7 11
20080504 1-2-2+2+1+3-2+2+16-  3  6  9  9  5 12  9  9  8
20080505 2+2+3+1-3-3+3+2+20+  9  9 18  3 12 18 18  9 12
20080506 4 2+2+2 1+1-1 1+15  27  9  9  7  5  3  4  5  9
20080507 2 1-0+0+1 1 2-2  9   7  3  2  2  4  4  6  7  4
20080508 2-1 1+1+1 1 1 1- 9   6  4  5  5  4  4  4  3  4
20080509 1+1-1-1-1-0+0+1- 5+  5  3  3  3  3  2  2  3  3
20080510 1 2-1 1 0+0+1+2  9-  4  6  4  4  2  2  5  7  4
20080511 1 1 1-1-1-1-2-0+ 7-  4  4  3  3  3  3  6  2  4
20080512 0+0+1-1-0+1 1 1+ 6-  2  2  3  3  2  4  4  5  3
20080513 2-2-0 0+1-1 1 0+ 7-  6  6  0  2  3  4  4  2  3
20080514 0+1-0+1-1 0+1-0+ 4+  2  3  2  3  4  2  3  2  3
20080515 0 1 0+0+0+0+1-1+ 4+  0  4  2  2  2  2  3  5  2
20080516 1+1 0+1+2-1+1+1- 9   5  4  2  5  6  5  5  3  4
20080517 1-0 0 0+0 0+0 0  1+  3  0  0  2  0  2  0  0  1
20080518 0 1-0+1-2-0+0+0+ 4+  0  3  2  3  6  2  2  2  2
20080519 2 2-1+2 2 2 2-1-13+  7  6  5  7  7  7  6  3  6
20080520 2-1+2+1 2 2 2+3 16-  6  5  9  4  7  7  9 15  8
20080521 3 4-2 2+2+2+2-2-19  15 22  7  9  9  9  6  6 10
20080522 3-2 2-1 2-3+3 2 17+ 12  7  6  4  6 18 15  7  9
20080523 2 2-0 1+2+2-3+3-15   7  6  0  5  9  6 18 12  8
20080524 3+1-2 2 2 2 1-2-14+ 18  3  7  7  7  7  3  6  7
20080525 2+2 1+1 2-1 1-1+11+  9  7  5  4  6  4  3  5  5
20080526 1-1+1-1+0+0+0+1  6   3  5  3  5  2  2  2  4  3
20080527 0+0 1-0+1-1 1-2  6-  2  0  3  2  3  4  3  7  3
20080528 3-2 3 2-3+3 1+2 19  12  7 15  6 18 15  5  7 11
20080529 3 2+2-1 2+3-3-2-17+ 15  9  6  4  9 12 12  6  9
20080530 3+1 1-1 2+4-3+2-17  18  4  3  4  9 22 18  6 10
20080531 1-2-2+2+3 2+3-2-17-  3  6  9  9 15  9 12  6  9
20080601 2 2 2-1+2-3-2+2-15+  7  7  6  5  6 12  9  6  7
20080602 2-1+1-1 1+1+1+1- 9+  6  5  3  4  5  5  5  3  4
20080603 0+2-1-1 1 1+1+2- 9   2  6  3  4  4  5  5  6  4
20080604 2-1 1 0 1 1-0 0+ 6-  6  4  4  0  4  3  0  2  3
20080605 0+0 0+1 1-1 0+0  4-  2  0  2  4  3  4  2  0  2
20080606 1-2 2-2+1 1 2 2 13-  3  7  6  9  4  4  7  7  6
20080607 2 1+3+3-3-2 3 3-20-  7  5 18 12 12  7 15 12 11
20080608 3 1+1+1 3-2 1-1+13+ 15  5  5  4 12  7  3  5  7
20080609 2-1-0+0+0+0 1+1  6-  6  3  2  2  2  0  5  4  3
20080610 1-0+0 0+1 1-0+0+ 4-  3  2  0  2  4  3  2  2  2
20080611 1-1-1+1 1-0+0+1- 6-  3  3  5  4  3  2  2  3  3
20080612 0+1 1+0+0+1-1-1  6-  2  4  5  2  2  3  3  4  3
20080613 1-0+0 0 0+0+1 0+ 3   3  2  0  0  2  2  4  2  2
20080614 1-0+1-0+2-3+5-6-17+  3  2  3  2  6 18 39 67 18
20080615 4 4+3+3-2+3-2+3+25  27 32 18 12  9 12  9 18 17
20080616 2+2-2 3-2+3-4-4-21   9  6  7 12  9 12 22 22 12
20080617 3 2+2+2+2 2+2 2 18+ 15  9  9  9  7  9  7  7  9
20080618 3+3+2+2-2 1 1-1-15  18 18  9  6  7  4  3  3  8
20080619 1 1-1-2-2-2 3-2-12   4  3  3  6  6  7 12  6  6
20080620 2+3 3 2-1+1+2 2 17-  9 15 15  6  5  5  7  7  9
20080621 1 1-1-1 1-1 1+1+ 8-  4  3  3  4  3  4  5  5  4
20080622 1+0+0+1 1-0+0+1- 5   5  2  2  4  3  2  2  3  3
20080623 2-2-1-1 1 1-1-0+ 8-  6  6  3  4  4  3  3  2  4
20080624 1-1-1-1-1-1 2 3  9+  3  3  3  3  3  4  7 15  5
20080625 3-2+2+1 1 2+3+3 18  12  9  9  4  4  9 18 15 10
20080626 4 3+2+4-3-2 2 2-22- 27 18  9 22 12  7  7  6 14
20080627 3+2 2-2+2 2+1+1 16  18  7  6  9  7  9  5  4  8
20080628 1 1+1-1+1+1+2 1+10+  4  5  3  5  5  5  7  5  5
20080629 2 2 1 2 1+2-2 3 15   7  7  4  7  5  6  7 15  7
20080630 1 1+1 1-1+1+1+0+ 8+  4  5  4  3  5  5  5  2  4
20080701 2 1+2-1-2 1-0 0+ 9-  7  5  6  3  7  3  0  2  4
20080702 1+1-0+1-0+0+0+0  4   5  3  2  3  2  2  2  0  2
20080703 0+0+0 0+1 1+0+1- 4+  2  2  0  2  4  5  2  3  2
20080704 0+1-0+0+1+2-1-1- 6   2  3  2  2  5  6  3  3  3
20080705 1+1+1-2 3-2+2 2+15-  5  5  3  7 12  9  7  9  7
20080706 1+1 1+0+1 0+1-0  6   5  4  5  2  4  2  3  0  3
20080707 1-1-1-0+0+0 0 1  4-  3  3  3  2  2  0  0  4  2
20080708 0+0 0+0+0+0+0+1  3   2  0  2  2  2  2  2  4  2
20080709 0+1-0+1-0+1-1-1- 4+  2  3  2  3  2  3  3  3  3
20080710 0+0 0 1 1+1 1 1+ 6   2  0  0  4  5  4  4  5  3
20080711 1 1-1+2-2+1 1+3 12+  4  3  5  6  9  4  5 15  6
20080712 3 4+4 3+3+2 2+2-24  15 32 27 18 18  7  9  6 16
20080713 2-2 3-3-2+3 3 3-20   6  7 12 12  9 15 15 12 11
20080714 2 2 3-3-2+3 2-2+19-  7  7 12 12  9 15  6  9 10
20080715 3-2-2-2-1+1+2-2 14  12  6  6  6  5  5  6  7  7
20080716 1+2-1 1 1 1+1-2-10-  5  6  4  4  4  5  3  6  5
20080717 2+1 1-1-1-1-1 0  7   9  4  3  3  3  3  4  0  4
20080718 0+1 1+1-1+1-0+0+ 6   2  4  5  3  5  3  2  2  3
20080719 0 0 0 0+1-0+0+1- 2+  0  0  0  2  3  2  2  3  2
20080720 1+0+0 0+0+0+1+1- 5-  5  2  0  2  2  2  5  3  3
20080721 1 1+1+1+1+1+1+2-11-  4  5  5  5  5  5  5  6  5
20080722 1-1 1+2 3+3 3-4-18-  3  4  5  7 18 15 12 22 11
20080723 3 4-3 2 4 3 3 3 25- 15 22 15  7 27 15 15 15 16
20080724 4-3-3-2 2 1+2-2 18  22 12 12  7  7  5  6  7 10
20080725 0+1 0+1+0+0 0 1- 4   2  4  2  5  2  0  0  3  2
20080726 2-1 1-1 1 1 2-1- 9-  6  4  3  4  4  4  6  3  4
20080727 0 0 0+2-1 1 2 4-10-  0  0  2  6  4  4  7 22  6
20080728 2 2 2 1+1 1 0+0+10   7  7  7  5  4  4  2  2  5
20080729 0 0+1-1-1-1 1+1  6-  0  2  3  3  3  4  5  4  3
20080730 1 2 1-1 0+0+1 1  7+  4  7  3  4  2  2  4  4  4
20080731 0 0+1-1 1-1 1-1- 5   0  2  3  4  3  4  3  3  3
20080801 1-1-0+0+1 1 2-1+ 7   3  3  2  2  4  4  6  5  4
20080802 0 0+0+0+1-0 1-1- 3   0  2  2  2  3  0  3  3  2
20080803 0+1-0+1-1-1 1+2  7   2  3  2  3  3  4  5  7  4
20080804 1+0+0+1-1 0+1-1- 5+  5  2  2  3  4  2  3  3  3
20080805 0+0+1-1 1-0+0+0  4-  2  2  3  4  3  2  2  0  2
20080806 1-1-1-1+1+1+1+1+ 9-  3  3  3  5  5  5  5  5  4
20080807 1 1 0+0+1-1 1+2  8-  4  4  2  2  3  4  5  7  4
20080808 0 0+0+0 0+1+1-2  5   0  2  2  0  2  5  3  7  3
20080809 2+3+2+2 2+4-5-5+26   9 18  9  7  9 22 39 56 21
20080810 4-4-3+1+1+3 2-2-20- 22 22 18  5  5 15  6  6 12
20080811 3-1+1 1+2 1+1-1+12- 12  5  4  5  7  5  3  5  6
20080812 2 2 2 1+2-2 1 1+13+  7  7  7  5  6  7  4  5  6
20080813 2+1 0+1 1 1-1-1- 8-  9  4  2  4  4  3  3  3  4
20080814 2+3 1-1-1 1-1-0+ 9+  9 15  3  3  4  3  3  2  5
20080815 2 1+0+0+0 0+0+0  5-  7  5  2  2  0  2  2  0  2
20080816 0 1-1 1-0+1-1 3- 7   0  3  4  3  2  3  4 12  4
20080817 3+2-1-2-2 1+1-2-13  18  6  3  6  7  5  3  6  7
20080818 2+3+3-3+5-4-3+3 26+  9 18 12 18 39 22 18 15 19
20080819 3-2+2+2 2+3-2 1+18- 12  9  9  7  9 12  7  5  9
20080820 2 2-1 1 1 1-0+0+ 8   7  6  4  4  4  3  2  2  4
20080821 0 0 1-1+1 0+1 1  5+  0  0  3  5  4  2  4  4  3
20080822 1-1-1+1 1-0 0+1- 5+  3  3  5  4  3  0  2  3  3
20080823 1 1-0 0 1+1-0+1  5   4  3  0  0  5  3  2  4  3
20080824 0 0 0+0+1-0+0+1  3   0  0  2  2  3  2  2  4  2
20080825 0 0 0+0 0+0 0 0+ 1   0  0  2  0  2  0  0  2  1
20080826 0+0 0 0 1-1 0+0+ 3-  2  0  0  0  3  4  2  2  2
20080827 2-2-1-0+1-0+0+0+ 6   6  6  3  2  3  2  2  2  3
20080828 0+1 0 0+1-1 1 1  5+  2  4  0  2  3  4  4  4  3
20080829 1-1-1-0+0+1 1-1- 5   3  3  3  2  2  4  3  3  3
20080830 0+0+0+1 1-0+0+0  3+  2  2  2  4  3  2  2  0  2
20080831 0+0+1-1 2-1+1+1  8-  2  2  3  4  6  5  5  4  4
20080901 1+1 0 0+1-0+1 1- 5+  5  4  0  2  3  2  4  3  3
20080902 1-0+1-1 1 0+0+1  5+  3  2  3  4  4  2  2  4  3
20080903 0+1+2 2+1+3-2+3 15+  2  5  7  9  5 12  9 15  8
20080904 6-6 4-3+4-3+2+2+30+ 67 80 22 18 22 18  9  9 31
20080905 2+3-1 1+2 1 1+2 14-  9 12  4  5  7  4  5  7  7
20080906 3 2-1 2-3 2-2 2 16  15  6  4  6 15  6  7  7  8
20080907 3 2+1-1 3-2-3+1 16- 15  9  3  4 12  6 18  4  9
20080908 1 3-3-2 2 2+3 2 18-  4 12 12  7  7  9 15  7  9
20080909 2-3-2-1 1 1-1 3-12+  6 12  6  4  4  3  4 12  6
20080910 2-1+1 1 1-1+2-1 10-  6  5  4  4  3  5  6  4  5
20080911 0 1-0 0+0+0+0+2- 4-  0  3  0  2  2  2  2  6  2
20080912 1-0 0 0 0 0 0+0  1   3  0  0  0  0  0  2  0  1
20080913 0 0 0 0+0 0 0 0+ 1-  0  0  0  2  0  0  0  2  0
20080914 0 0 1 1-1-1-3+3+10-  0  0  4  3  3  3 18 18  6
20080915 3-2+4 4-4-3+3 2+25  12  9 27 22 22 18 15  9 17
20080916 1 3 3-2 1+3 2 1 16   4 15 12  7  5 15  7  4  9
20080917 2+2+0 0+0+0+0 1- 6+  9  9  0  2  2  2  0  3  3
20080918 2 3-2 2+2 1 1-1-13+  7 12  7  9  7  4  3  3  6
20080919 0 1+1 1+1+1 2-1- 8+  0  5  4  5  5  4  6  3  4
20080920 2 2-1-0+1-1 0+0+ 7   7  6  3  2  3  4  2  2  4
20080921 0 0 0 0 0+1-0+2- 3   0  0  0  0  2  3  2  6  2
20080922 3 3-0 0 0 0+0 0+ 6+ 15 12  0  0  0  2  0  2  4
20080923 1+0 1 1-1-0+0+0+ 5-  5  0  4  3  3  2  2  2  3
20080924 0+1-0+1+1 0+0 0  4   2  3  2  5  4  2  0  0  2
20080925 0+0 0 0+0+1-2 2+ 6   2  0  0  2  2  3  7  9  3
20080926 2-1 0+0+1-0+0 0  4+  6  4  2  2  3  2  0  0  2
20080927 0 0 0 0+0+1+2 1+ 5+  0  0  0  2  2  5  7  5  3
20080928 0 0+1-1 2-0+0 0  4   0  2  3  4  6  2  0  0  2
20080929 0 1-1 1 1-0 0 1- 4   0  3  4  4  3  0  0  3  2
20080930 0 0+0+0 1+2-2 3- 8+  0  2  2  0  5  6  7 12  4
20081001 2 1+2+2-2 3-2+2+17-  7  5  9  6  7 12  9  9  8
20081002 2+3-2+4-4 3-3 2+23   9 12  9 22 27 12 15  9 14
20081003 3 3 3+2+4-3-2+3 23+ 15 15 18  9 22 12  9 15 14
20081004 3-4 2 3-2 1+1-2 17+ 12 27  7 12  7  5  3  7 10
20081005 1+2+1+1-1-0+0+1+ 8+  5  9  5  3  3  2  2  5  4
20081006 1 3-1-1-0 0+0+1- 6+  4 12  3  3  0  2  2  3  4
20081007 0+0 0 0 1-1-1 0+ 3   2  0  0  0  3  3  4  2  2
20081008 1+1-0 0 0 0 0 1- 3-  5  3  0  0  0  0  0  3  1
20081009 0 0 0+0 0+0 0 0  1-  0  0  2  0  2  0  0  0  0
20081010 0 0+0+1 1-1-0 2- 5-  0  2  2  4  3  3  0  6  2
20081011 1+2+4 3+5+6+5 3-30+  5  9 27 18 56 94 48 12 34
20081012 4-3 3-2+2 3 1+3+21+ 22 15 12  9  7 15  5 18 13
20081013 3 3-2+2-1-1 2 2-15  15 12  9  6  3  4  7  6  8
20081014 0+0+1 1+1-1-1 0+ 6-  2  2  4  5  3  3  4  2  3
20081015 3 3 3-2-1 1-1 2-15- 15 15 12  6  4  3  4  6  8
20081016 2-1 1 1+0+0+1-1- 7   6  4  4  5  2  2  3  3  4
20081017 0 0+0 0+1 1-0+0  3-  0  2  0  2  4  3  2  0  2
20081018 0 0 0 0 0 0+1-0  1   0  0  0  0  0  2  3  0  1
20081019 2-1+1-2-2 2+3 3-15+  6  5  3  6  7  9 15 12  8
20081020 2-0+0+0 1-1 1 1+ 6+  6  2  2  0  3  4  4  5  3
20081021 2-2 0+1-1-0+1-1- 7   6  7  2  3  3  2  3  3  4
20081022 0 0 0 0+1 3-3-2+ 9   0  0  0  2  4 12 12  9  5
20081023 1+2-1+1-0+0+0+0+ 6+  5  6  5  3  2  2  2  2  3
20081024 0 1 1-0 0 0 0 0  2-  0  4  3  0  0  0  0  0  1
20081025 0 0 0 0 1-1-0+0+ 2   0  0  0  0  3  3  2  2  1
20081026 1-3-2-1-1+1+0 1  9+  3 12  6  3  5  5  0  4  5
20081027 1 0 1-0 0 0 0 0  2-  4  0  3  0  0  0  0  0  1
20081028 0 1-2-1+1-2-2 1+ 9+  0  3  6  5  3  6  7  5  4
20081029 2+4-4+2-2+4-3+3+25-  9 22 32  6  9 22 18 18 17
20081030 3 2+2+3 3-4-3 2+22+ 15  9  9 15 12 22 15  9 13
20081031 2-3-2 1+0+1 2-2 13-  6 12  7  5  2  4  6  7  6
20081101 2-0+1-0+0 0+1 1- 5   6  2  3  2  0  2  4  3  3
20081102 0 0 0+1 2-0+1 2- 6   0  0  2  4  6  2  4  6  3
20081103 0 0 0+0 0 0 0+1- 1+  0  0  2  0  0  0  2  3  1
20081104 1 0 0 0 0 0 0+0+ 2-  4  0  0  0  0  0  2  2  1
20081105 0+0+0+0+0+0+0+0+ 3-  2  2  2  2  2  2  2  2  2
20081106 0 0 0 0 0 0 1 0+ 1+  0  0  0  0  0  0  4  2  1
20081107 0+2-2 2 2+2 2 4+17-  2  6  7  7  9  7  7 32 10
20081108 4 3+3-3+3-2 2+1+22- 27 18 12 18 12  7  9  5 14
20081109 4 3-2+2+1+1+2+3+20- 27 12  9  9  5  5  9 18 12
20081110 1+2 1-1-1 1 0 0  7-  5  7  3  3  4  4  0  0  3
20081111 0 1+0+1-0 0 0 0  2+  0  5  2  3  0  0  0  0  1
20081112 1 0 1 1-0+1-0+1  5   4  0  4  3  2  3  2  4  3
20081113 1-0+0+0+0 0 0 0  2-  3  2  2  2  0  0  0  0  1
20081114 0 0 0 0 0 1-0+0+ 1+  0  0  0  0  0  3  2  2  1
20081115 1+1+0 0 0 1-2 3- 8   5  5  0  0  0  3  7 12  4
20081116 4-4-2 2-2-1 2 2 18- 22 22  7  6  6  4  7  7 10
20081117 2+2-1 0 0 0 1-0+ 6   9  6  4  0  0  0  3  2  3
20081118 0+0 0 0 0+0 1-0  1+  2  0  0  0  2  0  3  0  1
20081119 0 0+0 0 0 1-1-0  2-  0  2  0  0  0  3  3  0  1
20081120 0 1 0 0 0+0 1-1  3   0  4  0  0  2  0  3  4  2
20081121 0+0 0 0 0 0 0+0  1-  2  0  0  0  0  0  2  0  0
20081122 0 0 0 0 0 0 0+0  0+  0  0  0  0  0  0  2  0  0
20081123 2-2-1 0+0 0 0+0  5   6  6  4  2  0  0  2  0  2
20081124 0 0 0 0 0 0 0 3  3   0  0  0  0  0  0  0 15  2
20081125 4-3+4-2+2+2+3-2+23- 22 18 22  9  9  9 12  9 14
20081126 4-4-3-1+1+2-2 3-19  22 22 12  5  5  6  7 12 11
20081127 3+2+1+2-2-1+3-3-17  18  9  5  6  6  5 12 12  9
20081128 1+2+1-0+0+1 1+3-10   5  9  3  2  2  4  5 12  5
20081129 1-1 1+1 0+0+0+1  6   3  4  5  4  2  2  2  4  3
20081130 1-0 0+0 0+1 0+0  3-  3  0  2  0  2  4  2  0  2
20081201 0 0 0 0 0 0 0 0  0   0  0  0  0  0  0  0  0  0
20081202 0 0 0 0 0 0 0 0  0   0  0  0  0  0  0  0  0  0
20081203 1-1-1-1-1 2-1+2  9-  3  3  3  3  4  6  5  7  4
20081204 2 3+2+2+3-2 1 1 17-  7 18  9  9 12  7  4  4  9
20081205 1+2-2-4-2 4 1+4-19+  5  6  6 22  7 27  5 22 12
20081206 4-4+3+2+2+4 3 2 25  22 32 18  9  9 27 15  7 17
20081207 2 2+2+2+2+2+1+1-16-  7  9  9  9  9  9  5  3  8
20081208 0+1+0 0+0+1-1+0+ 5-  2  5  0  2  2  3  5  2  3
20081209 0 0 0 0 0+0+0+0+ 1+  0  0  0  0  2  2  2  2  1
20081210 0 0 0 0+1 1 2-1+ 5+  0  0  0  2  4  4  6  5  3
20081211 2-1+1+1-1+2-1 1-10-  6  5  5  3  5  6  4  3  5
20081212 1 0+0+1+1 1-0+1- 6-  4  2  2  5  4  3  2  3  3
20081213 1+1-0+0+0+0 0+0  3+  5  3  2  2  2  0  2  0  2
20081214 1-0 0 0 0+0 0 0  1   3  0  0  0  2  0  0  0  1
20081215 1-1+1-0+0 0+0+1  5-  3  5  3  2  0  2  2  4  3
20081216 1-1+1-1 2-1+2+3-12-  3  5  3  4  6  5  9 12  6
20081217 3-2+1+0+2-2 1+1-12+ 12  9  5  2  6  7  5  3  6
20081218 0 0+0 0 0+1-1-1- 3-  0  2  0  0  2  3  3  3  2
20081219 1-1-0+1+1+1+1-1  7+  3  3  2  5  5  5  3  4  4
20081220 0+0 1-1-1-1-0+0  3+  2  0  3  3  3  3  2  0  2
20081221 0+1 1-0+0 0 0 0  2+  2  4  3  2  0  0  0  0  1
20081222 0 0+0 0 0+3+2+2- 8   0  2  0  0  2 18  9  6  5
20081223 2+3-2-2 2 3-3 4-20   9 12  6  7  7 12 15 22 11
20081224 3-2+2-2 1 2-2 1 14+ 12  9  6  7  4  6  7  4  7
20081225 0+0+0 1 2 1-2-1+ 7+  2  2  0  4  7  3  6  5  4
20081226 2-0+0 0 0+0+1-1- 4   6  2  0  0  2  2  3  3  2
20081227 1+0 0 0 0+0+0+1- 3   5  0  0  0  2  2  2  3  2
20081228 1 0 0+1-0+1-0+0+ 4-  4  0  2  3  2  3  2  2  2
20081229 0+0 0 0+0 0+0 0+ 1+  2  0  0  2  0  2  0  2  1
20081230 0 0 0 0 0 0 0+1  1+  0  0  0  0  0  0  2  4  1
20081231 3 3+3 3+2+2+3-2+22+ 15 18 15 18  9  9 12  9 13

