YYYYMMDD Kp[8]           Sum ap[8]                   Ap
20110101 1+1-0 1-1 1+1-2  8-  5  3  0  3  4  5  3  7  4
20110102 1+2-0+1-1-1+2-1+ 9   5  6  2  3  3  5  6  5  4
20110103 1-1-0+1 1 2 2 2+10   3  3  2  4  4  7  7  9  5
20110104 1+3-1 1 1+2-2-1-11+  5 12  4  4  5  6  6  3  6
20110105 0 0 0 1-1-1-1+1  4+  0  0  0  3  3  3  5  4  2
20110106 1+0+0 0+0+1 2 4+10-  5  2  0  2  2  4  7 32  7
20110107 5 3-2+2+2 2+3 3 23- 48 12  9  9  7  9 15 15 16
20110108 2 2-2-2+3-2+2 2+17   7  6  6  9 12  9  7  9  8
20110109 1+3-1-1+1 2+2+3-14+  5 12  3  5  4  9  9 12  7
20110110 3-1+2-1+2-1-2-1+12+ 12  5  6  5  6  3  6  5  6
20110111 1+2 0+1-2-3-3-3 14+  5  7  2  3  6 12 12 15  8
20110112 2-2+2-2+1 1-2 2-13+  6  9  6  9  4  3  7  6  6
20110113 2+2-0+0+2-3-3 3+15+  9  6  2  2  6 12 15 18  9
20110114 3-2 2+2-2 3 2+2+18+ 12  7  9  6  7 15  9  9  9
20110115 1 2+1 1+2 1 1 1-10+  4  9  4  5  7  4  4  3  5
20110116 1+1 0+0+2 2 2 1 10   5  4  2  2  7  7  7  4  5
20110117 2+2+1+1+2-1+1 2-13   9  9  5  5  6  5  4  6  6
20110118 2+1+1+0+1-1 1-2- 9+  9  5  5  2  3  4  3  6  5
20110119 3-2+2-3-2+2+2 1 17  12  9  6 12  9  9  7  4  8
20110120 1-1-1 2-2-1+2 1-10-  3  3  4  6  6  5  7  3  5
20110121 0+1-0 0+1+2-1 1  6+  2  3  0  2  5  6  4  4  3
20110122 1+2-1 0 1 1-1+0+ 7+  5  6  4  0  4  3  5  2  4
20110123 0+0+1-1-1 1-0 0  4-  2  2  3  3  4  3  0  0  2
20110124 0 0+2-1 1-1+2 2+ 9+  0  2  6  4  3  5  7  9  4
20110125 3 1-1 1+1 1 1+2+12- 15  3  4  5  4  4  5  9  6
20110126 1+1-1-0 0+1+2 1- 7   5  3  3  0  2  5  7  3  4
20110127 1+0 1 1-1-0+1 0+ 5+  5  0  4  3  3  2  4  2  3
20110128 2 1 0+1-0+2+2-2-10   7  4  2  3  2  9  6  6  5
20110129 3-2-1-1-1 1+0 0  8  12  6  3  3  4  5  0  0  4
20110130 0+0+0+0 0 0 0 0+ 1+  2  2  2  0  0  0  0  2  1
20110131 0 1-0+0+0+2 3-2+ 9-  0  3  2  2  2  7 12  9  5
20110201 2 3-3-1+2-3+3+2-19-  7 12 12  5  6 18 18  6 10
20110202 3 2 1+2-2-1+1+0+13- 15  7  5  6  6  5  5  2  6
20110203 0+0+1-0+0 0+0+0  2+  2  2  3  2  0  2  2  0  2
20110204 2-3+2+2-2-2+5+6-24   6 18  9  6  6  9 56 67 22
20110205 5 4-3-2+1+2+3 3-23  48 22 12  9  5  9 15 12 16
20110206 2+3-3-3-3 4-2 2 21   9 12 12 12 15 22  7  7 12
20110207 2-1-0+1-1-1 1 2  8   6  3  2  3  3  4  4  7  4
20110208 2+3-1-1+0 0 1 1+ 9+  9 12  3  5  0  0  4  5  5
20110209 0+0 0 1 0+0+0+0  2+  2  0  0  4  2  2  2  0  2
20110210 0 1 2+2-1 0+1 1+ 9-  0  4  9  6  4  2  4  5  4
20110211 1 2-0+1-1-1 3-2 10   4  6  2  3  3  4 12  7  5
20110212 1+2 2-1 1-1-1+0  9-  5  7  6  4  3  3  5  0  4
20110213 0 0 1 0 0+0+1 1- 3+  0  0  4  0  2  2  4  3  2
20110214 0 0 0+0+1-3 4 5+14-  0  0  2  2  3 15 27 56 13
20110215 2-2-2-2-2 2-1+3-14+  6  6  6  6  7  6  5 12  7
20110216 1-2+1-1 0+0+0+0+ 6   3  9  3  4  2  2  2  2  3
20110217 0 0 1-0+0+1 1+1- 4+  0  0  3  2  2  4  5  3  2
20110218 3 5-5 4-3 3 2+2 27- 15 39 48 22 15 15  9  7 21
20110219 3-2-2 2-2 1 1-1 13- 12  6  7  6  7  4  3  4  6
20110220 1 1 3-3-2 2+3 2+17   4  4 12 12  7  9 15  9  9
20110221 2 3-1 2-2 2 2+2+16   7 12  4  6  7  7  9  9  8
20110222 2-1-0 1 0+0+0 0  4   6  3  0  4  2  2  0  0  2
20110223 0 1-1 0 1 1-1-0+ 4+  0  3  4  0  4  3  3  2  2
20110224 0 2-0+1-0 0 0 0  3-  0  6  2  3  0  0  0  0  1
20110225 0 0+0+1-1 0+1 1  5-  0  2  2  3  4  2  4  4  3
20110226 0 0+1-1 1-1 1 1+ 6   0  2  3  4  3  4  4  5  3
20110227 0+0 0 1-1-1 1-0  3+  2  0  0  3  3  4  3  0  2
20110228 0 0+1-1-1-0+1-1  4+  0  2  3  3  3  2  3  4  2
20110301 3-2+3-4-4 5+5 4 30- 12  9 12 22 27 56 48 27 27
20110302 4+4-3-2 3+4 3+3-26  32 22 12  7 18 27 18 12 18
20110303 3-3 4-2+3 4-3 4-25  12 15 22  9 15 22 15 22 16
20110304 2-3-3-3-3-3 3+3 22-  6 12 12 12 12 15 18 15 13
20110305 1+2+1-1+2-1+2-2 12+  5  9  3  5  6  5  6  7  6
20110306 0+1+0+0+2+2 2-3 11+  2  5  2  2  9  7  6 15  6
20110307 2 2 1 2-2+2-4-3 17+  7  7  4  6  9  6 22 15 10
20110308 2 2-2-1-1 1 1 1+10+  7  6  6  3  4  4  4  5  5
20110309 2 1-1+1-1 1-1+2- 9+  7  3  5  3  4  3  5  6  4
20110310 2 2+4+4-3-2 4 5-26-  7  9 32 22 12  7 27 39 19
20110311 5 5+4+2 2-4+5 6-33+ 48 56 32  7  6 32 48 67 37
20110312 5-3-3-2-1+1 4-4-21+ 39 12 12  6  5  4 22 22 15
20110313 1 0+0+2+2-3+3 1 13   4  2  2  9  6 18 15  4  8
20110314 2-2-1 1-0 0 0+0  5+  6  6  4  3  0  0  2  0  3
20110315 0 0+0+0 0+0 0 0+ 1+  0  2  2  0  2  0  0  2  1
20110316 0 0 1-0 0+0 0+1- 2   0  0  3  0  2  0  2  3  1
20110317 0+1+1-0+1-1 4-1  9   2  5  3  2  3  4 22  4  6
20110318 1 1-1+0+0 0+0+0+ 4+  4  3  5  2  0  2  2  2  2
20110319 1 0+1-2-2 1-1-1- 8-  4  2  3  6  7  3  3  3  4
20110320 1-1+0+1-2-2 1 3 11-  3  5  2  3  6  7  4 15  6
20110321 2+1-1 0+0 1-1 3  9   9  3  4  2  0  3  4 15  5
20110322 3+3+1 1+2 1-0 1+13  18 18  4  5  7  3  0  5  8
20110323 3 2 3-3-2 3+3+2+21+ 15  7 12 12  7 18 18  9 12
20110324 1-0 1 1+2-1 2-1- 8   3  0  4  5  6  4  6  3  4
20110325 0 0 1-1 2 1 1 1  7-  0  0  3  4  7  4  4  4  3
20110326 0+0+0+0 0+0 0 0  1+  2  2  2  0  2  0  0  0  1
20110327 0 0 0+0 0 0+1-1+ 3-  0  0  2  0  0  2  3  5  2
20110328 1-0 0 1-1 1-1 1- 5-  3  0  0  3  4  3  4  3  2
20110329 0+0 0 0+0+2 0+2  5+  2  0  0  2  2  7  2  7  3
20110330 3+1+0 1 1-0+0 0+ 7  18  5  0  4  3  2  0  2  4
20110331 0 0+1-2-1 1 1-0+ 6-  0  2  3  6  4  4  3  2  3
20110401 1+1 1+2+2 4-4-3+19-  5  4  5  9  7 22 22 18 12
20110402 4+3+3+4-3 2-3+4+27  32 18 18 22 15  6 18 32 20
20110403 4-3+3 3 3-2+4-3+25  22 18 15 15 12  9 22 18 16
20110404 3+3-2-1+1-1-1-1 12  18 12  6  5  3  3  3  4  7
20110405 2 2-1 2-0+0+2 3-12-  7  6  4  6  2  2  7 12  6
20110406 3-3-1 5-5 5-4+4-29- 12 12  4 39 48 39 32 22 26
20110407 3 2 1-0+0+1-1 1- 9- 15  7  3  2  2  3  4  3  5
20110408 2-0+1 2-3 2+3 4 17   6  2  4  6 15  9 15 27 10
20110409 3 3-2+1+1 1-0 1-12- 15 12  9  5  4  3  0  3  6
20110410 1 0 0 0+1-1 1-1  5-  4  0  0  2  3  4  3  4  2
20110411 2+0+1 1+2+3 2+1+14   9  2  4  5  9 15  9  5  7
20110412 2+3-5-4+5 4 1+3 27+  9 12 39 32 48 27  5 15 23
20110413 4-4-4-3-2+1+0+1 19- 22 22 22 12  9  5  2  4 12
20110414 1 2 2-1-0+0 1-2- 8   4  7  6  3  2  0  3  6  4
20110415 1+2 1-1 1 1 1 1- 9-  5  7  3  4  4  4  4  3  4
20110416 0+1 1 1 1-1-0+1  6   2  4  4  4  3  3  2  4  3
20110417 1-0+0+1 2-1 1-1- 6+  3  2  2  4  6  4  3  3  3
20110418 0+1-3-3+3+3-1-1+15   2  3 12 18 18 12  3  5  9
20110419 1-1+1 1 1 1-1-2+ 9-  3  5  4  4  4  3  3  9  4
20110420 3+5 4-3-3-2-1-1-20+ 18 48 22 12 12  6  3  3 16
20110421 1-2-1 0+1-1 2-2- 9-  3  6  4  2  3  4  6  6  4
20110422 2+2 1 2-1+1+1-1 11+  9  7  4  6  5  5  3  4  5
20110423 2 0+1-2-0+1-0+0+ 6+  7  2  3  6  2  3  2  2  3
20110424 1 1 0+1-1+2 2-3+11+  4  4  2  3  5  7  6 18  6
20110425 2-3-1 0+0+1 1-0  8-  6 12  4  2  2  4  3  0  4
20110426 0 0 1-0+1-0+0+1- 3   0  0  3  2  3  2  2  3  2
20110427 0 0 0+0 0+1-0+0  2-  0  0  2  0  2  3  2  0  1
20110428 0 0 0+0+0+1+1+1  5-  0  0  2  2  2  5  5  4  2
20110429 1 2 1 1-1 2 3 5+16   4  7  4  3  4  7 15 56 12
20110430 5-3+3+5-4 3 4 4 31  39 18 18 39 27 15 27 27 26
20110501 4-3 3 3-4 4-2+3-25  22 15 15 12 27 22  9 12 17
20110502 3+4 4+3 3 3+3+3 27+ 18 27 32 15 15 18 18 15 20
20110503 3+4-2+3 3-2+3-2 22  18 22  9 15 12  9 12  7 13
20110504 2+1-1+2-1 1+1-1-10-  9  3  5  6  4  5  3  3  5
20110505 2+3 2-1-2-1 2+1 14-  9 15  6  3  6  4  9  4  7
20110506 0+0+1-1 1-0+1-2- 6-  2  2  3  4  3  2  3  6  3
20110507 1-0+1-1-2 2 2 2-10   3  2  3  3  7  7  7  6  5
20110508 1 0+0 0+0+0 0+1  3+  4  2  0  2  2  0  2  4  2
20110509 1+0+0 0+1-1+0+0  4+  5  2  0  2  3  5  2  0  2
20110510 1 1-2+2+3+3+3-3-18+  4  3  9  9 18 18 12 12 11
20110511 2 3-1 1-1 1-1 0+ 9+  7 12  4  3  4  3  4  2  5
20110512 1+0+1-0+0 0+0+0+ 4-  5  2  3  2  0  2  2  2  2
20110513 1-1-1-1 1 1 1-1- 6+  3  3  3  4  4  4  3  3  3
20110514 1+1+0 0+0+1 1-2- 7-  5  5  0  2  2  4  3  6  3
20110515 2 2-1+2+3-4-2 3-18+  7  6  5  9 12 22  7 12 10
20110516 2+2-3+4-4-2 2+2+21+  9  6 18 22 22  7  9  9 13
20110517 1+2-3-3 2 2 2+2+17+  5  6 12 15  7  7  9  9  9
20110518 2 2-1 1 2-2 1-1-11-  7  6  4  4  6  7  3  3  5
20110519 1 0+1+1+1 1-0+0+ 6+  4  2  5  5  4  3  2  2  3
20110520 1-1-0+0+1-0+0+0  3+  3  3  2  2  3  2  2  0  2
20110521 0 1-1 1-1 1 2 2  8+  0  3  4  3  4  4  7  7  4
20110522 2 2+1-0+1 1 1-0+ 8+  7  9  3  2  4  4  3  2  4
20110523 0+1-0+1-2-1-1+2- 7+  2  3  2  3  6  3  5  6  4
20110524 2+1+1-1+2 2-1 1+12-  9  5  3  5  7  6  4  5  6
20110525 1 1 0+0+1-0+0+1  5   4  4  2  2  3  2  2  4  3
20110526 2-1+1 1-2+2+1+2-12+  6  5  4  3  9  9  5  6  6
20110527 1 2-2-2-3-3 3+3+18+  4  6  6  6 12 15 18 18 11
20110528 5-3-6+6 6+2 1+4 33+ 39 12 94 80 94  7  5 27 45
20110529 4 5+5-4 4-5+4+3 34+ 27 56 39 27 22 56 32 15 34
20110530 3-2-2 2+2 2-2+2+17  12  6  7  9  7  6  9  9  8
20110531 3 2+3-2+2 3-3+4-22  15  9 12  9  7 12 18 22 13
20110601 3-1 3-1+2+3+2 3-18  12  4 12  5  9 18  7 12 10
20110602 2 2 3-2-2-1 2+1 14+  7  7 12  6  6  4  9  4  7
20110603 1 1 1 1 1-1-0+1- 6+  4  4  4  4  3  3  2  3  3
20110604 0+1-1-0 0+0+5-5+12+  2  3  3  0  2  2 39 56 13
20110605 6+4-3+3 3 3 3 2 27+ 94 22 18 15 15 15 15  7 25
20110606 2 1+2-1+1 1+1+2-12-  7  5  6  5  4  5  5  6  5
20110607 1-0+1-0+1-2+4-4 13-  3  2  3  2  3  9 22 27  9
20110608 4 4-1+1 3-2-1+2 18- 27 22  5  4 12  6  5  7 11
20110609 3-3 2-2-2-1 2+2+16+ 12 15  6  6  6  4  9  9  8
20110610 2 0+2 2+2 2 2+3 16   7  2  7  9  7  7  9 15  8
20110611 2 3+3 2+3 1+2 2-19-  7 18 15  9 15  5  7  6 10
20110612 1 1 1+3-3-2+2-1-13+  4  4  5 12 12  9  6  3  7
20110613 2-1 1+2+2+3 2+2 16   6  4  5  9  9 15  9  7  8
20110614 2 2 2+3+1-1 1 2 14+  7  7  9 18  3  4  4  7  7
20110615 2-2-2-2-2+2-1 2 14-  6  6  6  6  9  6  4  7  6
20110616 1 1-1-1 2-3-1-0+ 9-  4  3  3  4  6 12  3  2  5
20110617 3-3-1 1 2+3+2-1 16- 12 12  4  4  9 18  6  4  9
20110618 2 1 1+1-1-1-1-1- 8-  7  4  5  3  3  3  3  3  4
20110619 1-0+1+1 1 0+1 1  7-  3  2  5  4  4  2  4  4  4
20110620 2 2+3-1 2-1 1+2-14-  7  9 12  4  6  4  5  6  7
20110621 2+3-2 1 3 2+3-2 18   9 12  7  4 15  9 12  7  9
20110622 3-2 1+2-2+3+4 3-20  12  7  5  6  9 18 27 12 12
20110623 4-3+3-3+3+3-3+4-26  22 18 12 18 18 12 18 22 18
20110624 3-2+2 2-2+3-3+3 20  12  9  7  6  9 12 18 15 11
20110625 2 2-1+1+1 1+2-2 12+  7  6  5  5  4  5  6  7  6
20110626 3-3+1 1 2-1+1+1 13+ 12 18  4  4  6  5  5  4  7
20110627 1 1 1-1-1 0+1 2- 7+  4  4  3  3  4  2  4  6  4
20110628 1 2-0 0+1+0+0+0  5   4  6  0  2  5  2  2  0  3
20110629 0 1-0+0+0+1-1-0+ 3+  0  3  2  2  2  3  3  2  2
20110630 1 2-1-1-1-1+2 1+ 9+  4  6  3  3  3  5  7  5  4
20110701 2 3+4-2+3+4-2 1 21+  7 18 22  9 18 22  7  4 13
20110702 0 0+0+1 1 1+2 3- 9-  0  2  2  4  4  5  7 12  4
20110703 3-3 1 1 1+1 1+1-12  12 15  4  4  5  4  5  3  6
20110704 1 2-1+1+2 2+4-4 17+  4  6  5  5  7  9 22 27 11
20110705 3+4+2-1+1-1 3 2 17+ 18 32  6  5  3  4 15  7 11
20110706 2-3-3 1+1+2-2-2+16-  6 12 15  5  5  6  6  9  8
20110707 2+1 1 2-2-1+2 2 13   9  4  4  6  6  5  7  7  6
20110708 1-1-2 2-1 2-1 3 12-  3  3  7  6  4  6  4 15  6
20110709 2+4 1 2 1+2+2 3 18   9 27  4  7  5  9  7 15 10
20110710 3-3+3-1+2+3-1+2-18  12 18 12  5  9 12  5  6 10
20110711 2+1+3 4-2 3+2+3-21-  9  5 15 22  7 18  9 12 12
20110712 3 2 1-1+2+2+3-1-15  15  7  3  5  9  9 12  3  8
20110713 2+2 1 1+2 1+2-1+13   9  7  4  5  7  5  6  5  6
20110714 2-2 2 3-2-2-1 2-14+  6  7  7 12  6  6  4  6  7
20110715 1 3-1 0+1+1 1-1- 9-  4 12  4  2  5  4  3  3  5
20110716 1-1-1 1+1-1 1 1- 7   3  3  4  5  3  4  4  3  4
20110717 1 1+0+1-1-1 1+2- 8   4  5  2  3  3  4  5  6  4
20110718 1-2+2-2+1+1+1 2-12+  3  9  6  9  5  5  4  6  6
20110719 1-1-2 3+3-4 4 4-21   3  3  7 18 12 27 27 22 15
20110720 3 3+3 4 3+3-4-3+26+ 15 18 15 27 18 12 22 18 18
20110721 4-3-3-2 3-2+2 3-21- 22 12 12  7 12  9  7 12 12
20110722 3-3 3 2 2 2+2+2 19+ 12 15 15  7  7  9  9  7 10
20110723 2+3-2-2-1 1 2-2-14-  9 12  6  6  4  4  6  6  7
20110724 1-1-1-1 0+1+1+1+ 7+  3  3  3  4  2  5  5  5  4
20110725 2-2+2+3-4-2 2+2+19+  6  9  9 12 22  7  9  9 10
20110726 3-2-2-1 1+0+2-1 11+ 12  6  6  4  5  2  6  4  6
20110727 1-1+0+0+0 1 0+1- 5-  3  5  2  2  0  4  2  3  3
20110728 1-1+0+0+0+0+1-1+ 5+  3  5  2  2  2  2  3  5  3
20110729 0+0+0+1-2-2+1+0+ 7+  2  2  2  3  6  9  5  2  4
20110730 1 1-1 2+3-4-5 4 20+  4  3  4  9 12 22 48 27 16
20110731 3 2 2+2-1+2 2+3-17+ 15  7  9  6  5  7  9 12  9
20110801 2-3-2+1 1 1-1-2-12-  6 12  9  4  4  3  3  6  6
20110802 2 1-1-1-1-0+0+0+ 6-  7  3  3  3  3  2  2  2  3
20110803 1-0+0+0+1 1-1-1  5   3  2  2  2  4  3  3  4  3
20110804 0 0+0+0+1 1 0+3  6+  0  2  2  2  4  4  2 15  4
20110805 3 2 0+0+0+3 7-8-23+ 15  7  2  2  2 15111179 42
20110806 6+5 4-4 4-3+1+3 30+ 94 48 22 27 22 18  5 15 31
20110807 4-2-2-1-1 1-2-2 13  22  6  6  3  4  3  6  7  7
20110808 2 2+1+2+2+1 1 2 14+  7  9  5  9  9  4  4  7  7
20110809 3-3-3 2-1-1-2-1+14+ 12 12 15  6  3  3  6  5  8
20110810 2-2-3-2-1 1 1 1 12-  6  6 12  6  4  4  4  4  6
20110811 1-1 1+1-1-0+2-2- 8   3  4  5  3  3  2  6  6  4
20110812 1-2-1-1+1-1+1+0  8-  3  6  3  5  3  5  5  0  4
20110813 1-1+1-0+1-0+1-2  7-  3  5  3  2  3  2  3  7  4
20110814 2+2 2-1+1+3-2+3+17   9  7  6  5  5 12  9 18  9
20110815 4 2 1+2-1+3-3-3 19- 27  7  5  6  5 12 12 15 11
20110816 2 2 2 2+3-1 1+1+15-  7  7  7  9 12  4  5  5  7
20110817 3 2-2-1+2-1-1 1-12- 15  6  6  5  6  3  4  3  6
20110818 0+0+0 0+1 1 1-0  4-  2  2  0  2  4  4  3  0  2
20110819 0 0 0+1-1-0+0+1+ 4-  0  0  2  3  3  2  2  5  2
20110820 1-1+0+0+2-1 2 3-10   3  5  2  2  6  4  7 12  5
20110821 1-0+0+1-1-1 1+1- 6-  3  2  2  3  3  4  5  3  3
20110822 2 1 2 1-0 2-3-2+12+  7  4  7  3  0  6 12  9  6
20110823 2 0+1 2-2 3+3+2 16-  7  2  4  6  7 18 18  7  9
20110824 3+2-0+1+2-2-0+2+13- 18  6  2  5  6  6  2  9  7
20110825 2-0+0+1 2-1+2 1- 9   6  2  2  4  6  5  7  3  4
20110826 0 0+0+0+0+1 2 2+ 7-  0  2  2  2  2  4  7  9  4
20110827 2+0+1-1-1+2-2-1 10-  9  2  3  3  5  6  6  4  5
20110828 2-1+1 1+1-1+2+2-11+  6  5  4  5  3  5  9  6  5
20110829 3-1 3-3-1+2 1+2 16- 12  4 12 12  5  7  5  7  8
20110830 1 1-0+1+1 1-1+0+ 7-  4  3  2  5  4  3  5  2  4
20110831 0+0 1-0 0+0+0 0+ 2   2  0  3  0  2  2  0  2  1
20110901 1+1 0 0+0+0+0+1- 4+  5  4  0  2  2  2  2  3  2
20110902 1-1+0+1-1-0+1 1+ 6+  3  5  2  3  3  2  4  5  3
20110903 2+3 2 3 3 3-2-2+20   9 15  7 15 15 12  6  9 11
20110904 3-3 1+1-2+3 2 1-16- 12 15  5  3  9 15  7  3  9
20110905 1+0+1-1-1+3-3 1+11+  5  2  3  3  5 12 15  5  6
20110906 1+2+2+2-2-1+1+2-14-  5  9  9  6  6  5  5  6  6
20110907 3 1 1 1 1+1-2-1 11- 15  4  4  4  5  3  6  4  6
20110908 1 2-0+0+0 1-0+0  4+  4  6  2  2  0  3  2  0  2
20110909 0 1 1-1+5-6-5+6-24+  0  4  3  5 39 67 56 67 30
20110910 6-5-4-5-3-5-4+6-36  67 39 22 39 12 39 32 67 40
20110911 4-2+1 1+3+2-2 4-19  22  9  4  5 18  6  7 22 12
20110912 4+4-4-4-3+4-5-5-32- 32 22 22 22 18 22 39 39 27
20110913 4+5-4+3 2+1 2 2+24  32 39 32 15  9  4  7  9 18
20110914 1+1 1 2-1+1 1 1+10-  5  4  4  6  5  4  4  5  5
20110915 2-2-1+1 1+1+2 2 12+  6  6  5  4  5  5  7  7  6
20110916 1-0+0+1 1-1 1-1  6-  3  2  2  4  3  4  3  4  3
20110917 1 3-4 5+5+5+4+3 31   4 12 27 56 56 56 32 15 32
20110918 2 1 0+2-2 1-1-2 10+  7  4  2  6  7  3  3  7  5
20110919 0 0 1-0+0+1 1 0+ 4-  0  0  3  2  2  4  4  2  2
20110920 1-3 2-2-2-1-1+1+12   3 15  6  6  6  3  5  5  6
20110921 0 0 1 1+2 2-0+2  8+  0  0  4  5  7  6  2  7  4
20110922 1 0+0+1 1-1 1+2  8-  4  2  2  4  3  4  5  7  4
20110923 1-0+0+0+0 1-0+1- 3+  3  2  2  2  0  3  2  3  2
20110924 0+0 0+2-2-1-1+1+ 7+  2  0  2  6  6  3  5  5  4
20110925 1-0+1-2 1+2 1 1  9   3  2  3  7  5  7  4  4  4
20110926 1+1-1 1+5-6+6+5+27   5  3  4  5 39 94 94 56 38
20110927 6-5-4+3 4-3-3+5-32  67 39 32 15 22 12 18 39 30
20110928 4+5-4+2+4-3 2-1+25+ 32 39 32  9 22 15  6  5 20
20110929 6-5 4-2 3 3-3-2-26+ 67 48 22  7 15 12 12  6 24
20110930 3 0+0 0+1-1-3 3 11  15  2  0  2  3  3 15 15  7
20111001 5-4 2+2 2+2+3-3 23+ 39 27  9  7  9  9 12 15 16
20111002 2-3-4-2+3-3+2+3 22-  6 12 22  9 12 18  9 15 13
20111003 0 0+1 1+2 2 1+1  9   0  2  4  5  7  7  5  4  4
20111004 1+0 2+2-2-2-1 1+11   5  0  9  6  6  6  4  5  5
20111005 2-2 3-4-4-4+3 2+23+  6  7 12 22 22 32 15  9 16
20111006 1+3-1+2-2+2 2-1+14+  5 12  5  6  9  7  6  5  7
20111007 1+2 2-2-0+1-1-1  9+  5  7  6  6  2  3  3  4  4
20111008 1-1+1+1-1 2 3 4-14-  3  5  5  3  4  7 15 22  8
20111009 3+3 3 2-2-2-1+3-18+ 18 15 15  6  6  6  5 12 10
20111010 1 2-0+0 0+1-0+0+ 5-  4  6  2  0  2  3  2  2  3
20111011 0 0 1+0 2-2-1+0+ 6+  0  0  5  0  6  6  5  2  3
20111012 1-2+2 1-1-1 2 1+11-  3  9  7  3  3  4  7  5  5
20111013 1-2+1-1-1 0+0+0  6   3  9  3  3  4  2  2  0  3
20111014 0 0 0+0+1-0+1-0+ 3-  0  0  2  2  3  2  3  2  2
20111015 3+2+0+1+2 3-1-1 14- 18  9  2  5  7 12  3  4  8
20111016 2+3-1+1 3-1 1 2 14   9 12  5  4 12  4  4  7  7
20111017 3-1-1-0+0 1 0+2- 7+ 12  3  3  2  0  4  2  6  4
20111018 1+2-1+0+1-1+1 0+ 8   5  6  5  2  3  5  4  2  4
20111019 2 2+1-2 2 1-1-1 11+  7  9  3  7  7  3  3  4  5
20111020 2 1+1-1-1-1 2+0+ 9   7  5  3  3  3  4  9  2  4
20111021 2+2 1+0 0+0+1-1- 8-  9  7  5  0  2  2  3  3  4
20111022 1-0+0+0+1-0 0 0  2+  3  2  2  2  3  0  0  0  2
20111023 0 0 0+1-1-1-1-1  4   0  0  2  3  3  3  3  4  2
20111024 2-0+2-1-0+1 5+7 18   6  2  6  3  2  4 56132 26
20111025 7+6-5-3 3 2 1+1-28-154 67 39 15 15  7  5  3 38
20111026 1-1+1-1-1 1+1-1+ 8-  3  5  3  3  4  5  3  5  4
20111027 0+2 2-1+1+1-0+1- 8+  2  7  6  5  5  3  2  3  4
20111028 0 0 0 0+0 0 0 0  0+  0  0  0  2  0  0  0  0  0
20111029 0 0 0 0 0 0 0+0  0+  0  0  0  0  0  0  2  0  0
20111030 1 0+0+2-2+3 1-2 11+  4  2  2  6  9 15  3  7  6
20111031 4-1 1+2 1+2-3 3 17  22  4  5  7  5  6 15 15 10
20111101 4-2+3 5-4-4 2+3-26+ 22  9 15 39 22 27  9 12 19
20111102 3-3-3-3-2+2-1 1-16+ 12 12 12 12  9  6  4  3  9
20111103 2-1+1-0+0 1-1 0+ 6   6  5  3  2  0  3  4  2  3
20111104 0+0 0+1 2-1-1 1+ 6+  2  0  2  4  6  3  4  5  3
20111105 2-1+1-1-1-0 1-0+ 6   6  5  3  3  3  0  3  2  3
20111106 0 0 0 1-1 2-0+2- 5+  0  0  0  3  4  6  2  6  3
20111107 0 2-1 1-1-2 1+1  8+  0  6  4  3  3  7  5  4  4
20111108 2+2+2+2-2+2+1 0 14+  9  9  9  6  9  9  4  0  7
20111109 0 0 0+0+1-1-0 0  2   0  0  2  2  3  3  0  0  1
20111110 0+0 0 0+1-1+2-1  5+  2  0  0  2  3  5  6  4  3
20111111 1-2-1-2-1-0+0+0  6   3  6  3  6  3  2  2  0  3
20111112 0 0 1+1+1 2 0+0  6   0  0  5  5  4  7  2  0  3
20111113 0 0 1-1 0+0+0+0+ 3   0  0  3  4  2  2  2  2  2
20111114 0 0+0 0+0+0+0 0  1+  0  2  0  2  2  2  0  0  1
20111115 0 1+2+2+2 2-0+2-12-  0  5  9  9  7  6  2  6  6
20111116 2-2-0+0+1-0+1-0+ 6   6  6  2  2  3  2  3  2  3
20111117 1 1 2-1-1-0+1+1- 7+  4  4  6  3  3  2  5  3  4
20111118 1-1-0+0 1+1-0+1- 5-  3  3  2  0  5  3  2  3  3
20111119 0+0 0 0 0 0 0 0  0+  2  0  0  0  0  0  0  0  0
20111120 0 0 0 0 0 1-1-1- 2   0  0  0  0  0  3  3  3  1
20111121 0+0+1 1-1-2-1+3  9   2  2  4  3  3  6  5 15  5
20111122 2 1 1+2 2+3-1-2-14-  7  4  5  7  9 12  3  6  7
20111123 2+3-2-1+1 1 1+2 13+  9 12  6  5  4  4  5  7  6
20111124 2 1-0+2-3 2-2 3-14   7  3  2  6 15  6  7 12  7
20111125 2+2 1+0+0+0+0+2- 9-  9  7  5  2  2  2  2  6  4
20111126 1-0 1 1 1 1-1 2- 7   3  0  4  4  4  3  4  6  4
20111127 1 2-2 2 2-2+1+1-13-  4  6  7  7  6  9  5  3  6
20111128 0+0 0+0 0+0 0+4  5+  2  0  2  0  2  0  2 27  4
20111129 4 3+3-2 1+2-3+1+20- 27 18 12  7  5  6 18  5 12
20111130 3 1 0+3+3+3-3 2+19  15  4  2 18 18 12 15  9 12
20111201 3 2+1+2-2-1-2-1 13+ 15  9  5  6  6  3  6  4  7
20111202 1 0 1 0+0+1+3-3 10-  4  0  4  2  2  5 12 15  6
20111203 2 1 3-3-1+2-3 3 17+  7  4 12 12  5  6 15 15 10
20111204 3-1+1 1 1 1-0 0+ 8  12  5  4  4  4  3  0  2  4
20111205 0 0+0 0 0+0+1+2- 4   0  2  0  0  2  2  5  6  2
20111206 0 0 0 0 0+1-0+0  1+  0  0  0  0  2  3  2  0  1
20111207 0 0 0 0+0 0 0+1  2-  0  0  0  2  0  0  2  4  1
20111208 0+0 0+0 0+0+2-0  3   2  0  2  0  2  2  6  0  2
20111209 0+0+1 1 2-2-1-1  8-  2  2  4  4  6  6  3  4  4
20111210 3-2 3-2 1 1 2 3 16+ 12  7 12  7  4  4  7 15  8
20111211 2 1-2-1+3-3-2 1 14   7  3  6  5 12 12  7  4  7
20111212 2+1+1 1-1 3-2-2-12+  9  5  4  3  4 12  6  6  6
20111213 2-1 1 1 2 1-1-1+ 9+  6  4  4  4  7  3  3  5  4
20111214 1 1+0+0+0 0+1 0+ 5-  4  5  2  2  0  2  4  2  3
20111215 0 1-0+0 0 0 0 0+ 1+  0  3  2  0  0  0  0  2  1
20111216 0+0 0 0 0 0 0 0  0+  2  0  0  0  0  0  0  0  0
20111217 0 0 0 0 0+0 0 1- 1   0  0  0  0  2  0  0  3  1
20111218 0 0 0 1-0+0 1+1- 3   0  0  0  3  2  0  5  3  2
20111219 2-2 1+1-1+2 3-2 14-  6  7  5  3  5  7 12  7  6
20111220 2 1-1+1 1-1+3-1+11   7  3  5  4  3  5 12  5  6
20111221 1-1 0+1 2-2-2+3-11+  3  4  2  4  6  6  9 12  6
20111222 3-1 0+0+0+1-1+1  8- 12  4  2  2  2  3  5  4  4
20111223 1-1-0 1-0 0 0 0  2   3  3  0  3  0  0  0  0  1
20111224 0 0 1-1-0+0+1 1- 4-  0  0  3  3  2  2  4  3  2
20111225 1+2-1 0+0+0 1-0  5+  5  6  4  2  2  0  3  0  3
20111226 0 0 0+0 0 0+0+0  1   0  0  2  0  0  2  2  0  1
20111227 0 0 0 0 0 0 0 0  0   0  0  0  0  0  0  0  0  0
20111228 0+0+0 1-2 2 2-1  8   2  2  0  3  7  7  6  4  4
20111229 1-2 3 4-1+1+2 2 16   3  7 15 22  5  5  7  7  9
20111230 1 2 1 0+1-3 3-2+13   4  7  4  2  3 15 12  9  7
20111231 2+1+1+2-1-1 1+2 12-  9  5  5  6  3  4  5  7  6
