YYYYMMDD Kp[8]           Sum ap[8]                   Ap
20030101 1 2+3-1+2 1+2-2+15-  4  9 12  5  7  5  6  9  7
20030102 2+1 1 2-2-2-2-2-13-  9  4  4  6  6  6  6  6  6
20030103 3-1-2 2-3-5 4 4+23  12  3  7  6 12 48 27 32 18
20030104 5-4+2+2 2+2+3 3-24- 39 32  9  7  9  9 15 12 16
20030105 2-2-2-1+2 2 2 3-15   6  6  6  5  7  7  7 12  7
20030106 1-1-1-0+1-1+1+2+ 8   3  3  3  2  3  5  5  9  4
20030107 1+2-1+2-1-1+3-2-12+  5  6  5  6  3  5 12  6  6
20030108 2 1-2 1-1-1 1-0+ 8   7  3  7  3  3  4  3  2  4
20030109 0 0 0 0 0+1 2+2- 5+  0  0  0  0  2  4  9  6  3
20030110 2+2+1+2 3-3-3 4 20+  9  9  5  7 12 12 15 27 12
20030111 4-3+1-1-1 1+2 3 16- 22 18  3  3  4  5  7 15 10
20030112 2+2+3-2-2 2 2+1+17-  9  9 12  6  7  7  9  5  8
20030113 3 2 1+2-1-1 1 3-13+ 15  7  5  6  3  4  4 12  7
20030114 3+3 2+2+2 2-1-1+17- 18 15  9  9  7  6  3  5  9
20030115 3-2-1 2 2+2-1 1+14- 12  6  4  7  9  6  4  5  7
20030116 2-0+1 2-2+1-1+1 10   6  2  4  6  9  3  5  4  5
20030117 1 2 2-2+3-2 1 1 14-  4  7  6  9 12  7  4  4  7
20030118 2 2+3-3-4-2+3-3-21   7  9 12 12 22  9 12 12 12
20030119 2+2+3+4-3+4 4-3+26   9  9 18 22 18 27 22 18 18
20030120 5-5-2+2+3-3 3 3-25+ 39 39  9  9 12 15 15 12 19
20030121 4-4-4-3+3+3 3-3+27- 22 22 22 18 18 15 12 18 18
20030122 4-3 3-2+3-3+3+5 26  22 15 12  9 12 18 18 48 19
20030123 5+4+1+2+3+3 3-3 25+ 56 32  5  9 18 15 12 15 20
20030124 4-2+2+3 3 4-4-4 26- 22  9  9 15 15 22 22 27 18
20030125 4-5-6-4+4 3+2+3-31- 22 39 67 32 27 18  9 12 28
20030126 5-4-4-3+3+2+3-3+27  39 22 22 18 18  9 12 18 20
20030127 3+3 1-0 1-3 2-4-16  18 15  3  0  3 15  6 22 10
20030128 4-4+3-2+2-1+2 2+20+ 22 32 12  9  6  5  7  9 13
20030129 1+2-2 3-3+4 4 4 23   5  6  7 12 18 27 27 27 16
20030130 5 3+4 4-4-5-4-1+29+ 48 18 27 22 22 39 22  5 25
20030131 4-3 3+5-3+3 2-2-24+ 22 15 18 39 18 15  6  6 17
20030201 3 2 1-1-1+3-5-4+19+ 15  7  3  3  5 12 39 32 14
20030202 6-5 5+5 5-6-5+5-41+ 67 48 56 48 39 67 56 39 52
20030203 5 3 3-3 3+4-4 4-28+ 48 15 12 15 18 22 27 22 22
20030204 4 5 6-5-2+3 4-4-32  27 48 67 39  9 15 22 22 31
20030205 4-3-2+3-4-4-2-2+23- 22 12  9 12 22 22  6  9 14
20030206 2 2-3 3+4-3 3+3 23   7  6 15 18 22 15 18 15 14
20030207 3+3 2+2+3+2+3 2+22  18 15  9  9 18  9 15  9 13
20030208 3+3+3 3 3 3-3-4-25- 18 18 15 15 15 12 12 22 16
20030209 4 3-3+2+3+4+3+3+27- 27 12 18  9 18 32 18 18 19
20030210 4-4 4 2+2 1+2+4-23+ 22 27 27  9  7  5  9 22 16
20030211 4 3-3 2 1+2-1+1+17+ 27 12 15  7  5  6  5  5 10
20030212 1+2+2-3 2+4-3+3+21   5  9  6 15  9 22 18 18 13
20030213 2 2-1 2-1 0+1 4-12+  7  6  4  6  4  2  4 22  7
20030214 4+4-2 3 4-3+3+4-27  32 22  7 15 22 18 18 22 20
20030215 4 4+3-4 4 4+3-3-29- 27 32 12 27 27 32 12 12 23
20030216 3-3 3+3 3+3+3 4 26- 12 15 18 15 18 18 15 27 17
20030217 3+2+3-3+3-2+2-3-21  18  9 12 18 12  9  6 12 12
20030218 2+5+4 3+3 2+2+4 27-  9 56 27 18 15  9  9 27 21
20030219 2+3-2 2 3+3 2+4 22-  9 12  7  7 18 15  9 27 13
20030220 2+3+3+4-3 3 4 3 26-  9 18 18 22 15 15 27 15 17
20030221 2 3+3 3-1+4-3+3-22   7 18 15 12  5 22 18 12 14
20030222 2 3 2 3-3+3+2-2 20   7 15  7 12 18 18  6  7 11
20030223 3 3-2 2 3+2+2+2+20  15 12  7  7 18  9  9  9 11
20030224 2-1-1-2 2 2-2-2 12+  6  3  3  7  7  6  6  7  6
20030225 2 1-1+2-2-1 1-1-10-  7  3  5  6  6  4  3  3  5
20030226 1-2+4-3+3 2+3-4+22+  3  9 22 18 15  9 12 32 15
20030227 5 5-3+3+4+4 4-4+33- 48 39 18 18 32 27 22 32 30
20030228 3+1 3-4-3 4-3 4+25- 18  4 12 22 15 22 15 32 18
20030301 4+2 2-3+3+3-3-3-23- 32  7  6 18 18 12 12 12 15
20030302 2 3-2 3-3-2 3+3 20+  7 12  7 12 12  7 18 15 11
20030303 3+1+2 2 3 4 5+5+26+ 18  5  7  7 15 27 56 56 24
20030304 5 5-5-5-4+4 3+4 35- 48 39 39 39 32 27 18 27 34
20030305 3+3-3-3+3+4 3+4 27- 18 12 12 18 18 27 18 27 19
20030306 4+4-4-4-4 5-3+4+32- 32 22 22 22 27 39 18 32 27
20030307 4 3+3+3+2+1+3-3 23+ 27 18 18 18  9  5 12 15 15
20030308 1+1+1+1+2+3+3-2+16   5  5  5  5  9 18 12  9  8
20030309 2+3+3 1+2-2-2+4-19+  9 18 15  5  6  6  9 22 11
20030310 2-3+3-3-3 4-3 4 24   6 18 12 12 15 22 15 27 16
20030311 3+3-3 2+2+4-2-1 20  18 12 15  9  9 22  6  4 12
20030312 2+2-2 2 2 1+2-3+16+  9  6  7  7  7  5  6 18  8
20030313 4 3+3-3-4-1+2-2-21  27 18 12 12 22  5  6  6 14
20030314 2 2+4-4-5+3-4+4-28-  7  9 22 22 56 12 32 22 23
20030315 5 4 4-3+4-4+3+4-31  48 27 22 18 22 32 18 22 26
20030316 3 3 2+4 4+4+6 5-32- 15 15  9 27 32 32 80 39 31
20030317 3 5-5 4-5+5-5 6-37  15 39 48 22 56 39 48 67 42
20030318 5-5-5-5-5-2+2+3-31- 39 39 39 39 39  9  9 12 28
20030319 3+4 3 2-2+2+2+2 21  18 27 15  6  9  9  9  7 12
20030320 1 3-3+4-4+5-4+5-29-  4 12 18 22 32 39 32 39 25
20030321 4+5-4 5 3+2 4-5 32  32 39 27 48 18  7 22 48 30
20030322 4-4-4 3 2 1+2+4-24- 22 22 27 15  7  5  9 22 16
20030323 4-3-4-5 3 3 4 3 28  22 12 22 48 15 15 27 15 22
20030324 3-2+2+2 1 1 1-0+12+ 12  9  9  7  4  4  3  2  6
20030325 0+1+1+0 1-1 1 1- 6+  2  5  5  0  3  4  4  3  3
20030326 0+2+2-1+2-1+3 3-14+  2  9  6  5  6  5 15 12  8
20030327 5-3 5-4-4-4+3 3+30+ 39 15 39 22 22 32 15 18 25
20030328 4 4 4 2+2 4-4+6-30  27 27 27  9  7 22 32 67 27
20030329 5 5-4-3 4 4+5+5+35+ 48 39 22 15 27 32 56 56 37
20030330 5+4-4 4 4 5-5 6-36+ 56 22 27 27 27 39 48 67 39
20030331 3+2+3 5-6-6+6-4+35+ 18  9 15 39 67 94 67 32 43
20030401 5-4-2+2 2+4-4 2+25  39 22  9  7  9 22 27  9 18
20030402 2+4 4+3+4-4-4 5-30   9 27 32 18 22 22 27 39 24
20030403 3+3-3+2 3 3 3+4+25  18 12 18  7 15 15 18 32 17
20030404 4+3+4 4-4 4-4+5 32+ 32 18 27 22 27 22 32 48 28
20030405 4+4 3 3 4-5-5+4-32- 32 27 15 15 22 39 56 22 28
20030406 3-3 2 2-1+3 2-2-17  12 15  7  6  5 15  6  6  9
20030407 1+0+1-2-3-2 1-1-10   5  2  3  6 12  7  3  3  5
20030408 4-3+4 5-4+4 2-2+28  22 18 27 39 32 27  6  9 22
20030409 4 3+5-4 4+3+2 2+28  27 18 39 27 32 18  7  9 22
20030410 3-4 4 4+4-3+4 3+29+ 12 27 27 32 22 18 27 18 23
20030411 2+3+2 2+2-3 4 4-22+  9 18  7  9  6 15 27 22 14
20030412 3+2 2-1+3 2+1+1+16+ 18  7  6  5 15  9  5  5  9
20030413 3+3+2 2 2+1+1 1+17- 18 18  7  7  9  5  4  5  9
20030414 2 3+1 3-4+4-3 4 24   7 18  4 12 32 22 15 27 17
20030415 4-4 4-4 3-2-2 3 25- 22 27 22 27 12  6  7 15 17
20030416 4 3+5-5+4-4 5 4 34  27 18 39 56 22 27 48 27 33
20030417 3+5-4 5 4-5-4 2-31  18 39 27 48 22 39 27  6 28
20030418 2 4+3+4+4+3+3-3+28-  7 32 18 32 32 18 12 18 21
20030419 2+3-2 1+2 2 3 3-18   9 12  7  5  7  7 15 12  9
20030420 3+4-3-1+3-3 2 4-22+ 18 22 12  5 12 15  7 22 14
20030421 4-4-5-3+3 3+4-3+29- 22 22 39 18 15 18 22 18 22
20030422 4-4 3+4+3-4-4-4 29+ 22 27 18 32 12 22 22 27 23
20030423 2-4 4-4-3+3 4 3-26   6 27 22 22 18 15 27 12 19
20030424 3+2+4-3+4 4+5-5 31- 18  9 22 18 27 32 39 48 27
20030425 4 5 4+5-4-4-3+5+34  27 48 32 39 22 22 18 56 33
20030426 3+2+3+2+3-3+4 3-24  18  9 18  9 12 18 27 12 15
20030427 3-3 2+2 2+3+4-3 22+ 12 15  9  7  9 18 22 15 13
20030428 3 4+4-4-2 1+1+2-21  15 32 22 22  7  5  5  6 14
20030429 2-2+2-1-4 5 6 5-26   6  9  6  3 27 48 80 39 27
20030430 5+5+4-4+3+5 5 6 38  56 56 22 32 18 48 48 80 45
20030501 7-5+5-4+5-4 4-3 36+111 56 39 32 39 27 22 15 43
20030502 3 5 3-3-3 2 1+2+22  15 48 12 12 15  7  5  9 15
20030503 2 3 2 3 2+2 1+2+18   7 15  7 15  9  7  5  9  9
20030504 2 1+1 2 1+2-1 1+12-  7  5  4  7  5  6  4  5  5
20030505 1+2+2-2-2+4+4 4-21+  5  9  6  6  9 32 27 22 14
20030506 3+2+3-3+5+5-5-4+31- 18  9 12 18 56 39 39 32 28
20030507 5 5 6-5-4+4 4 3+36  48 48 67 39 32 27 27 18 38
20030508 4+5-4 4+5-5 6-4 37- 32 39 27 32 39 48 67 27 39
20030509 4 4+5 5-5+4-2 3+32+ 27 32 48 39 56 22  7 18 31
20030510 7-6+5+3+1+3+4-3-33-111 94 56 18  5 18 22 12 42
20030511 5-2+6-5-5 4-3-3 32- 39  9 67 39 48 22 12 15 31
20030512 3+4-3+3 3+3+4+3 27+ 18 22 18 15 18 18 32 15 20
20030513 4 3-3+5-4-4-4 4 30  27 12 18 39 22 22 27 27 24
20030514 4+4+4 3-4-5 5-3+32  32 32 27 12 22 48 39 18 29
20030515 3+4-4-3 4+4+3+3+29  18 22 22 15 32 32 18 18 22
20030516 3+2-2-1 2-2-2+3 16+ 18  6  6  4  6  6  9 15  9
20030517 3-2+2+1+2-1 1+1-13+ 12  9  9  5  6  4  5  3  7
20030518 1 1+1 0+1 3-4-3 14   4  5  4  2  4 12 22 15  8
20030519 3 2+2 1+2-2+3-3+19- 15  9  7  5  6  9 12 18 10
20030520 3 2-2+3-3 1+2-3-18+ 15  6  9 12 15  5  6 12 10
20030521 3 3+2-1+3-5-5+6 28  15 18  6  5 12 39 56 80 29
20030522 5+4+4-2+4 4 4 2+30  56 32 22  9 27 27 27  9 26
20030523 2+4 3+4-2+3+2+3-24   9 27 18 22  9 18  9 12 16
20030524 3-4-4 3-3+4-4+4-28  12 22 27 12 18 22 32 22 21
20030525 4+4-3+2+2-3 3-3+24+ 32 22 18  9  6 15 12 18 16
20030526 4+3-4-2+2+2+3-4 24+ 32 12 22  9  9  9 12 27 16
20030527 4 4-3-3+4 3 6-5 31+ 27 22 12 18 27 15 67 48 30
20030528 6-4 5-4+4 4 4 4 35- 67 27 39 32 27 27 27 27 34
20030529 4 4-4-3 7 8-8+8+46- 27 22 22 15132179236236109
20030530 7+5+4 3 4-6 5 6-40 154 56 27 15 22 80 48 67 59
20030531 5+5+2+1 3-2+2-1+22  56 56  9  4 12  9  6  5 20
20030601 2 4-3+3-4-3+5-5-28   7 22 18 12 22 18 39 39 22
20030602 4 5 5+5+4 4 3-5 35+ 27 48 56 56 27 27 12 48 38
20030603 5-3 3 4 4 4-4+5+32  39 15 15 27 27 22 32 56 29
20030604 3+3-3-4 4+4+4+3 29- 18 12 12 27 32 32 32 15 22
20030605 2+2+2+2 3-3 3-2+20-  9  9  9  7 12 15 12  9 10
20030606 2 2 3-3-3-3+3+3 22-  7  7 12 12 12 18 18 15 13
20030607 4-4-3+4-5-4 3+4+31- 22 22 18 22 39 27 18 32 25
20030608 3+4+4-4-4-5+5+6-35  18 32 22 22 22 56 56 67 37
20030609 3 3+3+4 3 4-4+6 31- 15 18 18 27 15 22 32 80 28
20030610 4-2+6-4 3 3+3+3 28+ 22  9 67 27 15 18 18 15 24
20030611 2+3 3+3-3-3-3 2 22-  9 15 18 12 12 12 15  7 12
20030612 1+1+2+1+2+2+2-2 15-  5  5  9  5  9  9  6  7  7
20030613 2+1 1-1-1+1+3+4-14+  9  4  3  3  5  5 18 22  9
20030614 2+4-4-4+5-5 4+4-32-  9 22 22 32 39 48 32 22 28
20030615 4-5-3+3-3+3-3 3-26  22 39 18 12 18 12 15 12 18
20030616 3+5-2+5 4 4-6 6 35  18 39  9 48 27 22 80 80 40
20030617 5+6 5+5 5 5 4-4+40- 56 80 56 48 48 48 22 32 49
20030618 5 6-7-7-4 5 5-4 42- 48 67111111 27 48 39 27 60
20030619 4 3+3-3-2+3-3+2-23- 27 18 12 12  9 12 18  6 14
20030620 1+2+3 2+3-3 3-3-20   5  9 15  9 12 15 12 12 11
20030621 5-4-4 2 3-4 3-4 28- 39 22 27  7 12 27 12 27 22
20030622 3-2 3 2 2-3 4-3 21  12  7 15  7  6 15 22 15 12
20030623 4 4 3+4-2+3-3-3+26  27 27 18 22  9 12 12 18 18
20030624 4 4 4+4+4+2+2 3 28+ 27 27 32 32 32  9  7 15 23
20030625 2 2+4-3-3-3+4-4 24+  7  9 22 12 12 18 22 27 16
20030626 3+3 3 3+4 3 2+3 25  18 15 15 18 27 15  9 15 16
20030627 4 3+5-4 5 5-4 4-33+ 27 18 39 27 48 39 27 22 31
20030628 3 5-3+6+6-5-4 5-36+ 15 39 18 94 67 39 27 39 42
20030629 4-3+4 5-3+4-4-4 30+ 22 18 27 39 18 22 22 27 24
20030630 3+4 4+3 2 3-3-3-25- 18 27 32 15  7 12 12 12 17
20030701 2 2+2 2-2+2+2-2 16+  7  9  7  6  9  9  6  7  8
20030702 1+2 3-3-3-3 4 2+21-  5  7 12 12 12 15 27  9 12
20030703 3-3-1+2 3+4-5 4 25- 12 12  5  7 18 22 48 27 19
20030704 4-4-3+4+4 4-3 3 29- 22 22 18 32 27 22 15 15 22
20030705 4 3+4-2+4-3+3 3-26  27 18 22  9 22 18 15 12 18
20030706 2 2 1+2 3+3 2+2 18   7  7  5  7 18 15  9  7  9
20030707 3-2+4-2 3+2+2-1 19  12  9 22  7 18  9  6  4 11
20030708 0+0+0+1-2-1 1 0  5+  2  2  2  3  6  4  4  0  3
20030709 0+2-1-1-1 0+2-1+ 8-  2  6  3  3  4  2  6  5  4
20030710 1+1+2 2 3-1 1+3-14+  5  5  7  7 12  4  5 12  7
20030711 3-4+6 5 5+5+6-6-40  12 32 80 48 56 56 67 67 52
20030712 6 7-5+3+4 3 4-3+35+ 80111 56 18 27 15 22 18 43
20030713 3 3-3+2+2+3+2+3-22  15 12 18  9  9 18  9 12 13
20030714 2 2+3-1+3 3+3 4 22-  7  9 12  5 15 18 15 27 14
20030715 5 5-3-5-2+2-4+5-30  48 39 12 39  9  6 32 39 28
20030716 4+4+5+6 6 4-4 5+39  32 32 56 80 80 22 27 56 48
20030717 5-3 2 3-3+3-4-3+25+ 39 15  7 12 18 12 22 18 18
20030718 3 4-2-1+2 3-3 5-22  15 22  6  5  7 12 15 39 15
20030719 4+2+3-4 4 4+4+6-32- 32  9 12 27 27 32 32 67 30
20030720 4+3 3 3-3 3-3 4-25+ 32 15 15 12 15 12 15 22 17
20030721 4-2+2-1 1+1-1+1-13- 22  9  6  4  5  3  5  3  7
20030722 2 1 2 2+1+2 2 0+13   7  4  7  9  5  7  7  2  6
20030723 2-2 2-2-2 3+2+3 18-  6  7  6  6  7 18  9 15  9
20030724 2+1+0+0+1+2-2 4-13   9  5  2  2  5  6  7 22  7
20030725 1+1+4-2+2+1 1 1+14+  5  5 22  9  9  4  4  5  8
20030726 2+2+2+3+4+5 6 5+31   9  9  9 18 32 48 80 56 33
20030727 5 4 4+4-3+3-3-2-27+ 48 27 32 22 18 12 12  6 22
20030728 2 2-2 3 5+5-3+3+25+  7  6  7 15 56 39 18 18 21
20030729 4-5-3+3+5 5 5+5+36- 22 39 18 18 48 48 56 56 38
20030730 3+4 4 4+4 4 4+4 32  18 27 27 32 27 27 32 27 27
20030731 4 4 4 6-5-4 4 5-35  27 27 27 67 39 27 27 39 35
20030801 5+5 4+4+5+3 3+5+36  56 48 32 32 56 15 18 56 39
20030802 4 3+3+3-3-4-4+4 28  27 18 18 12 12 22 32 27 21
20030803 3 3+3-3 2-2+3 3+22+ 15 18 12 15  6  9 15 18 14
20030804 1+2-3-2 1-2+3+3+17+  5  6 12  7  3  9 18 18 10
20030805 3 1 1 1 1 1 2-3 13- 15  4  4  4  4  4  6 15  7
20030806 6-5+6-4-4-2 2 2+30+ 67 56 67 22 22  7  7  9 32
20030807 1 2-2-2 4 5 7-5 27   4  6  6  7 27 48111 48 32
20030808 5 5+5-4+3 4 4+3+34  48 56 39 32 15 27 32 18 33
20030809 2+2+3+3-3-2+3 4 23-  9  9 18 12 12  9 15 27 14
20030810 4 2-2 2 2 2-2+2-17+ 27  6  7  7  7  6  9  6  9
20030811 2-2 2-2-2+2+3 3+18   6  7  6  6  9  9 15 18 10
20030812 4-4 5-4 4+4 3+3 31  22 27 39 27 32 27 18 15 26
20030813 3 4+3-2-3-2 3-4-23- 15 32 12  6 12  7 12 22 15
20030814 3 3+3+2 2+3-3+3 23  15 18 18  7  9 12 18 15 14
20030815 2+2 2+2 2+3+3-3+20+  9  7  9  7  9 18 12 18 11
20030816 3-2+2-2-3-3-2-1 16+ 12  9  6  6 12 12  6  4  8
20030817 1-0+0+0+5-4 4+5+20   3  2  2  2 39 27 32 56 20
20030818 6-6+7 7-7 7+6+6 52+ 67 94132111132154 94 80108
20030819 6-4-3-2+2 3+3-2 24+ 67 22 12  9  7 18 12  7 19
20030820 1 3 3 2-3-3+3 5 23-  4 15 15  6 12 18 15 48 17
20030821 4+5-6 4+5+6-6 6 42+ 32 39 80 32 56 67 80 80 58
20030822 5+5 5-5-6-5 5-4+39+ 56 48 39 39 67 48 39 32 46
20030823 4 5+6-5-5-4 3+3+35  27 56 67 39 39 27 18 18 36
20030824 3 3 5-3+3+2+4+3-27- 15 15 39 18 18  9 32 12 20
20030825 4 5-4+3 3 3+2 2+27- 27 39 32 15 15 18  7  9 20
20030826 4-1+1-2+2 3-3-3 18+ 22  5  3  9  7 12 12 15 11
20030827 2 2 2 2 2 2+3-3-18-  7  7  7  7  7  9 12 12  8
20030828 3+3+3+4+3-3+3 3 26+ 18 18 18 32 12 18 15 15 18
20030829 1 1+1+3 3 4-5 3-21   4  5  5 15 15 22 48 12 16
20030830 4 4+2+3-2+2+2 1+21+ 27 32  9 12  9  9  7  5 14
20030831 1+2 2-2-2 2-2 1 13+  5  7  6  6  7  6  7  4  6
20030901 2 4-3+1+1+3-4 2+21-  7 22 18  5  5 12 27  9 13
20030902 3+2-2-2+4 2+2-3 20  18  6  6  9 27  9  6 15 12
20030903 3 3 3-3+3-3-3+3+24  15 15 12 18 12 12 18 18 15
20030904 3+3+4-3 4 3 4 4+29- 18 18 22 15 27 15 27 32 22
20030905 4 4-3+3 3 3+2 1+24- 27 22 18 15 15 18  7  5 16
20030906 3-2 2 2+2 2 2+2+18- 12  7  7  9  7  7  9  9  8
20030907 2+2 1-0 0+1+1 0+ 8   9  7  3  0  2  5  4  2  4
20030908 1-0+0+1-2 1+2-3 10   3  2  2  3  7  5  6 15  5
20030909 2 2 2+4+4+3+4+5-27+  7  7  9 32 32 18 32 39 22
20030910 5 2 2+5-3 3 4-3 27- 48  7  9 39 15 15 22 15 21
20030911 4 4 1+2+2 3-3 3-22  27 27  5  9  7 12 15 12 14
20030912 2+3+3 2 2 2-2 1+18-  9 18 15  7  7  6  7  5  9
20030913 3+3 2+2-0+0+1 2+14+ 18 15  9  6  2  2  4  9  8
20030914 1+1-1 0+1+1+1+2- 9   5  3  4  2  5  5  5  6  4
20030915 1+0+0 0 0+1-2 3  8-  5  2  0  0  2  3  7 15  4
20030916 5-4 4+4 6-4+4+3 34+ 39 27 32 27 67 32 32 15 34
20030917 5+5+5 6+7 5+5 6-45  56 56 48 94132 56 48 67 70
20030918 5 6-4+6 5-5 5-5 40+ 48 67 32 80 39 48 39 48 50
20030919 5-4-5+5+5 4+5-3+36+ 39 22 56 56 48 32 39 18 39
20030920 4 5-5-4-4 5-3-3-31  27 39 39 22 27 39 12 12 27
20030921 4 3-3 3+4 3+3+2+26  27 12 15 18 27 18 18  9 18
20030922 3 3+3 4-3+3 4 1 24+ 15 18 15 22 18 15 27  4 17
20030923 2+4 2+2+3 3+3 3 23+  9 27  9  9 15 18 15 15 15
20030924 6-5+5 4-4 4 5-5-37  67 56 48 22 27 27 39 39 41
20030925 4+4 4 4+4 4 4+4-33- 32 27 27 32 27 27 32 22 28
20030926 3 3-4-3+2+3 3 3 24  15 12 22 18  9 15 15 15 15
20030927 3+1 1-1-0+0+1-2+ 9+ 18  4  3  3  2  2  3  9  6
20030928 1-0+1+1 1+2-1+0+ 8   3  2  5  4  5  6  5  2  4
20030929 2-2 0+1+1-0+1-2- 9-  6  7  2  5  3  2  3  6  4
20030930 0+1-2-1 1+2-1-2  9+  2  3  6  4  5  6  3  7  4
20031001 3 2 1+1 1 1 3 4 16+ 15  7  5  4  4  4 15 27 10
20031002 3-2+1+1-1+2-2+3-15  12  9  5  3  5  6  9 12  8
20031003 3+5-3 2-3 4-3 2 24+ 18 39 15  6 15 22 15  7 17
20031004 1+2-3 1+2+0+0 0 10   5  6 15  5  9  2  0  0  5
20031005 0 1-0+0 0+2-3-3+ 9   0  3  2  0  2  6 12 18  5
20031006 2+1 1 1+2 2 3+3+16+  9  4  4  5  7  7 18 18  9
20031007 4+2 3-3+3-3+3-2+23+ 32  7 12 18 12 18 12  9 15
20031008 2-1+2 2-2-1-2 3-14-  6  5  7  6  6  3  7 12  6
20031009 4 2+1 1+1+1 1-0+12  27  9  4  5  5  4  3  2  7
20031010 0 0 1-0+1-1-1-2- 5-  0  0  3  2  3  3  3  6  2
20031011 1 0 1-0+0+0 0+1- 3+  4  0  3  2  2  0  2  3  2
20031012 0+0+0+1 1 1 1+2- 7   2  2  2  4  4  4  5  6  4
20031013 3+3 2-1+3-3 4-5-23+ 18 15  6  5 12 15 22 39 16
20031014 3+4 6-5 4+4+7+7+41+ 18 27 67 48 32 32154154 66
20031015 3+4+6 6-4 5-5-5 38- 18 32 80 67 27 39 39 48 44
20031016 5 3+3+5-4 4+3+4+32+ 48 18 18 39 27 32 18 32 29
20031017 5-5+6-4+4-2+3-4-32+ 39 56 67 32 22  9 12 22 32
20031018 4 5-4+3+4 3+3 4 31- 27 39 32 18 27 18 15 27 25
20031019 4-4+4+3+5-5-5+5+36- 22 32 32 18 39 39 56 56 37
20031020 4-3 5 4+4 4+5 6-35  22 15 48 32 27 32 48 67 36
20031021 5-4 5-5-5+5+5+6 40  39 27 39 39 56 56 56 80 49
20031022 5-5+5 3+4+5 4-2-33  39 56 48 18 32 48 22  6 34
20031023 3-1+2+2-1 1 1-0+11  12  5  9  6  4  4  3  2  6
20031024 0+1+2 3-5-7-5 6 29-  2  5  7 12 39111 48 80 38
20031025 4 3-3-2+4+4-1+3-24- 27 12 12  9 32 22  5 12 16
20031026 2+2 2-2 1 1 3+4-17   9  7  6  7  4  4 18 22 10
20031027 4-3+3+2 2 2+1+1 19  22 18 18  7  7  9  5  4 11
20031028 3 5-4-5-3-4 3+4 30  15 39 22 39 12 27 18 27 25
20031029 5-4 9 8 8-8-9-9-58+ 39 27400207179179300300204
20031030 9-7+5+5-5 7 9 9 56 300154 56 39 48132400400191
20031031 8+8-7+7-7+5-4 4+50+236179154111154 39 27 32116
20031101 5 5-4 3-3 3+3+4 30  48 39 27 12 15 18 18 27 26
20031102 3+4-3+3 3-3+4+3-26+ 18 22 18 15 12 18 32 12 18
20031103 3+3 3-3-2 2+3-3+22  18 15 12 12  7  9 12 18 13
20031104 3 3 6+7 3-2 3+3-30  15 15 94132 12  7 18 12 38
20031105 2-0 1+1 1-1+2+3+12-  6  0  5  4  3  5  9 18  6
20031106 3-2-1 1-2-2+6-4+20  12  6  4  3  6  9 67 32 17
20031107 3+3-2-2+1 2-1+1+15+ 18 12  6  9  4  6  5  5  8
20031108 1+1 1-2-3-3+2+2 15   5  4  3  6 12 18  9  7  8
20031109 3-3 4-4-6-4 5 3+31  12 15 22 22 67 27 48 18 29
20031110 3+4 4-4-4 4-5-5-32- 18 27 22 22 27 22 39 39 27
20031111 6-5+6 6-5+6-5+5-44- 67 56 80 67 56 67 56 39 61
20031112 4+4-4-4 4-5 5 3 32+ 32 22 22 27 22 48 48 15 30
20031113 4-4 5 5+6 5 6 5+40+ 22 27 48 56 80 48 80 56 52
20031114 5+5 5-5-5-3+5-4-36  56 48 39 39 39 18 39 22 38
20031115 3 4 6 5-5 5+4+4 36+ 15 27 80 39 48 56 32 27 40
20031116 4 5-5 4 5 5+4+5 37+ 27 39 48 27 48 56 32 48 41
20031117 5-5 4+5-5-5+4+4 37  39 48 32 39 39 56 32 27 39
20031118 5 4-3+4 4 4+3+3 31- 48 22 18 27 27 32 18 15 26
20031119 2+2+3 2+3 3 3 1+20+  9  9 15  9 15 15 15  5 12
20031120 1 4-6+6+8-9-9-8 50+  4 22 94 94179300300207150
20031121 7-6 6 4-2 3 3-3-33-111 80 80 22  7 15 12 12 42
20031122 4+3 2+3-3 5-6 5-31- 32 15  9 12 15 39 80 39 30
20031123 4-5 4-3-3+2+4 4-28+ 22 48 22 12 18  9 27 22 22
20031124 3-2 2+2+4 3 2+3 22- 12  7  9  9 27 15  9 15 13
20031125 3+3+3 3-3 3+2+2+23+ 18 18 15 12 15 18  9  9 14
20031126 2+2 2-1+3-2+2 3-17   9  7  6  5 12  9  7 12  8
20031127 2 2+1+2-1 1-2-1+12   7  9  5  6  4  3  6  5  6
20031128 2-2 1 2 2+2-0+0+11+  6  7  4  7  9  6  2  2  5
20031129 2+2 2-2-1+1+1-2 13   9  7  6  6  5  5  3  7  6
20031130 2 3 1 1 2+4-4-3 20-  7 15  4  4  9 22 22 15 12
20031201 3-3+2+2+1+2-1+3 18  12 18  9  9  5  6  5 15 10
20031202 3-2+3-2 1+0+0+1 13- 12  9 12  7  5  2  2  4  7
20031203 1-1-1 1-1-2-0+1  7-  3  3  4  3  3  6  2  4  4
20031204 1+0+1-1-1 1+2-4-11-  5  2  3  3  4  5  6 22  6
20031205 3 5+6-4+5 5-4-4+36  15 56 67 32 48 39 22 32 39
20031206 5-4 4-4-3 4 3+3 29+ 39 27 22 22 15 27 18 15 23
20031207 3 2 2+1+3 3+4-4-22+ 15  7  9  5 15 18 22 22 14
20031208 3-5-4 4+5-5-5+5-35  12 39 27 32 39 39 56 39 35
20031209 3+4 4+4-4+4 4 5 33- 18 27 32 22 32 27 27 48 29
20031210 5+4-4 5-4+5+5 5 37+ 56 22 27 39 32 56 48 48 41
20031211 6-5-5 5 4+4+4-4+37  67 39 48 48 32 32 22 32 40
20031212 4+4-4-3+4-3+4 5-31- 32 22 22 18 22 18 27 39 25
20031213 5-4-3 4 4+4 4-4 31+ 39 22 15 27 32 27 22 27 26
20031214 4 3+3-3+4-5 5-4+31  27 18 12 18 22 48 39 32 27
20031215 5-4+4-4-5-4-3-3 30+ 39 32 22 22 39 22 12 15 25
20031216 2+3-3-3-2-3-3-2 19+  9 12 12 12  6 12 12  7 10
20031217 2+3-2 2-2-2 1 0+14-  9 12  7  6  6  7  4  2  7
20031218 1-2 1 1 1-1-0 0  6   3  7  4  4  3  3  0  0  3
20031219 0 0 1-0+1-0 0 1- 2+  0  0  3  2  3  0  0  3  1
20031220 0+1+1 3+3 5-3+4 21   2  5  4 18 15 39 18 27 16
20031221 4+4+4 3+3 4 4-3+30  32 32 27 18 15 27 22 18 24
20031222 3 3+3+3+3+4-3 3+26+ 15 18 18 18 18 22 15 18 18
20031223 2 2 1+2 2+2+2+2-16   7  7  5  7  9  9  9  6  7
20031224 1 2 1 1-2-3-2-2+13   4  7  4  3  6 12  6  9  6
20031225 2-1-1-1 2+2 0+1+10   6  3  3  4  9  7  2  5  5
20031226 3-3-1 1+1+2-1+3-15- 12 12  4  5  5  6  5 12  8
20031227 2-3 1 3-2-2 2+4+19-  6 15  4 12  6  7  9 32 11
20031228 4-4-2 2+3-2+3+2 22  22 22  7  9 12  9 18  7 13
20031229 1+0 1 2-2-3 1 0+10   5  0  4  6  6 15  4  2  5
20031230 1 1 1+0+1+1+3 2+12-  4  4  5  2  5  5 15  9  6
20031231 3 2 1+2+3 5-4+4 25- 15  7  5  9 15 39 32 27 19

