% OH(6-2) airglow derived temperatures from the Auroral Station in Adventdalen
% FORMAT= YYYY MM DD T [K]
    1980      12       8       216.42000
    1980      12       9       218.80000
    1980      12      10       222.72000
    1980      12      11       220.84000
    1980      12      13       209.95000
    1981       1       6       238.21000
    1981       1       7       241.78000
    1981       1      11       239.23000
    1981       1      13       247.91000
    1981       1      14       246.55000
    1981       1      15       247.74000
    1981       1      16       238.04000
    1982      12       7       214.54000
    1982      12       8       201.26000
    1982      12       9       225.78000
    1982      12      10       220.67000
    1982      12      11       234.80000
    1982      12      12       211.31000
    1982      12      13       219.14000
    1982      12      14       229.01000
    1982      12      15       233.27000
    1982      12      16       215.91000
    1982      12      17       210.29000
    1982      12      18       213.01000
    1982      12      19       207.05000
    1982      12      20       214.54000
    1982      12      21       208.75000
    1982      12      23       214.88000
    1982      12      24       220.33000
    1982      12      25       231.06000
    1982      12      26       219.99000
    1982      12      27       214.88000
    1982      12      28       198.71000
    1982      12      29       202.80000
    1982      12      30       188.32000
    1982      12      31       172.66000
    1983       1       1       171.13000
    1983       1       3       193.94000
    1983       1       4       210.80000
    1983       1       6       207.56000
    1983       1       7       225.44000
    1983       1       8       219.14000
    1983       1       9       223.23000
    1983       1      10       230.04000
    1983       1      11       235.65000
    1983       1      12       251.32000
    1983       1      13       250.64000
    1983       1      14       256.94000
    1983       1      15       245.02000
    1983       1      16       247.74000
    1983       1      17       230.04000
    1983       1      18       216.08000
    1983       1      19       218.63000
    1983       1      20       214.71000
    1983       1      21       222.72000
    1983       1      22       225.44000
    1983       1      23       230.38000
    1983       1      28       235.14000
    1983       1      29       239.74000
    1983       1      30       236.34000
    1983      11      26       204.18000
    1983      11      27       193.53000
    1983      11      30       224.10000
    1983      12       1       211.59000
    1983      12       2       216.69000
    1983      12       3       209.05000
    1983      12       4       214.37000
    1983      12       5       222.25000
    1983      12       6       225.03000
    1983      12       7       227.81000
    1983      12       8       220.63000
    1983      12       9       220.40000
    1983      12      10       226.42000
    1983      12      11       223.41000
    1983      12      12       229.43000
    1983      12      13       230.59000
    1983      12      14       215.99000
    1983      12      15       211.13000
    1983      12      17       216.23000
    1983      12      18       221.09000
    1983      12      21       221.09000
    1983      12      23       219.24000
    1983      12      24       219.24000
    1983      12      25       207.89000
    1983      12      26       195.61000
    1983      12      27       206.96000
    1983      12      28       219.01000
    1983      12      29       226.19000
    1983      12      30       230.82000
    1984       1      30       230.82000
    1984       1      31       227.11000
    1984       2       1       232.21000
    1984       2       2       228.04000
    1984       2       3       229.43000
    1984       2       4       210.67000
    1984       2       5       211.59000
    1984       2       6       202.33000
    1984       2       7       203.49000
    1984       2      22       192.60000
    1984       2      23       192.83000
    1984       2      26       202.79000
    1984       2      28       202.79000
    1984       2      29       204.88000
    1984       3       1       203.49000
    1984      11      14       205.17000
    1984      11      15       212.33000
    1984      11      16       202.33000
    1984      11      17       214.17000
    1984      11      18       212.33000
    1984      11      19       216.33000
    1984      11      20       213.83000
    1984      11      21       208.33000
    1984      11      22       207.00000
    1984      11      23       210.33000
    1984      11      24       193.33000
    1984      11      25       201.00000
    1984      11      26       197.17000
    1984      11      27       206.17000
    1984      11      28       208.17000
    1984      11      29       201.83000
    1984      11      30       217.17000
    1984      12       1       212.50000
    1984      12       2       213.17000
    1984      12       3       218.50000
    1984      12       4       229.50000
    1984      12       5       220.33000
    1984      12      15       220.67000
    1984      12      16       219.33000
    1984      12      17       210.50000
    1984      12      18       195.50000
    1984      12      19       197.33000
    1984      12      20       196.33000
    1984      12      22       193.00000
    1984      12      23       193.00000
    1984      12      24       203.50000
    1984      12      25       180.83000
    1984      12      26       181.83000
    1984      12      27       190.00000
    1984      12      28       186.17000
    1984      12      29       203.17000
    1984      12      30       203.00000
    1985       1       1       204.50000
    1985       2      11       194.83000
    1985       2      12       194.83000
    1985       2      13       203.17000
    1985       2      16       207.00000
    1985      12       1       210.84616
    1985      12       2       199.55556
    1985      12       3       199.44444
    1985      12       4       222.33333
    1985      12       5       223.78572
    1985      12       6       211.85715
    1985      12       7       224.57895
    1985      12       8       209.82353
    1985      12       9       216.70589
    1985      12      10       232.33333
    1985      12      11       230.28572
    1985      12      12       229.18182
    1985      12      13       232.14285
    1985      12      14       227.31580
    1985      12      15       225.05000
    1985      12      16       230.70000
    1985      12      17       233.42857
    1985      12      18       222.29167
    1985      12      19       229.82608
    1985      12      20       223.50000
    1985      12      21       211.09091
    1985      12      24       195.63158
    1985      12      25       200.20833
    1985      12      26       207.50000
    1985      12      29       199.55000
    1985      12      30       204.26086
    1985      12      31       223.50000
    1986       1       3       221.23077
    1986       1       4       213.00000
    1986       1       6       201.50000
    1986       1       7       213.85715
    1986       1       8       182.84210
    1986       1       9       187.60001
    1986       1      10       202.16667
    1986       1      11       214.62500
    1986       1      12       215.50000
    1986       1      13       203.39999
    1986       1      14       207.47368
    1986       1      15       209.47368
    1986       1      17       193.85715
    1986       1      18       192.58824
    1986       1      19       188.64706
    1986       1      20       197.84616
    1986       1      21       204.56250
    1986       1      22       192.05000
    1986       1      23       190.15790
    1986       1      24       194.06667
    1986       1      25       195.33333
    1986      12       2       193.00000
    1986      12       3       193.21428
    1986      12       4       193.43750
    1986      12       5       199.33333
    1986      12       8       182.46666
    1986      12       9       180.37500
    1986      12      10       184.62500
    1986      12      11       203.85715
    1986      12      12       208.60001
    1986      12      13       201.00000
    1986      12      14       199.83333
    1986      12      15       185.00000
    1986      12      16       190.10001
    1986      12      17       210.75000
    1986      12      18       189.27777
    1986      12      19       184.61111
    1986      12      20       179.26666
    1986      12      22       198.52632
    1986      12      23       193.14285
    1986      12      24       195.27272
    1986      12      25       201.66667
    1986      12      26       178.78572
    1986      12      27       174.66667
    1986      12      28       185.52380
    1986      12      29       183.42105
    1986      12      30       176.29411
    1986      12      31       182.62500
    1987       1       2       201.00000
    1987       1       3       203.90698
    1987       1       4       204.89473
    1987       1       5       196.71111
    1987       1       6       176.81250
    1987       1       7       171.50000
    1987       1       8       193.30000
    1987       1       9       232.18182
    1987       1      10       210.57777
    1987       1      11       212.05405
    1987       1      12       217.83333
    1987       1      14       190.60001
    1987       1      15       193.00000
    1987      11       6       182.50000
    1987      11       7       176.56250
    1987      11       8       183.17647
    1987      11       9       180.28572
    1987      11      10       180.39999
    1987      11      11       178.33333
    1987      11      12       195.81250
    1987      11      13       194.50000
    1987      11      14       192.53334
    1987      11      15       190.47368
    1987      11      16       198.89473
    1987      11      17       195.61539
    1987      11      18       213.47368
    1987      11      19       208.80952
    1987      11      20       199.84210
    1987      11      21       190.55000
    1987      11      22       187.45454
    1987      11      23       193.73914
    1987      11      24       188.37500
    1987      11      25       199.20833
    1987      11      26       209.57895
    1987      11      27       191.58333
    1987      11      28       209.12500
    1987      11      29       213.25000
    1987      11      30       215.16667
    1987      12       1       215.56522
    1987      12       2       204.81818
    1987      12       3       213.00000
    1987      12       4       199.30435
    1987      12       5       199.35001
    1987      12       6       205.57143
    1987      12       7       216.58333
    1987      12       8       199.50000
    1987      12       9       186.39999
    1987      12      10       187.00000
    1987      12      11       187.56522
    1987      12      12       207.70833
    1987      12      13       215.08333
    1987      12      14       211.62500
    1987      12      15       201.45833
    1987      12      16       203.66667
    1987      12      17       204.60869
    1987      12      18       207.25000
    1987      12      19       207.16667
    1987      12      20       212.04167
    1987      12      21       209.54167
    1987      12      22       200.37500
    1987      12      23       201.00000
    1988       1       7       191.53847
    1988       1       8       203.12500
    1988       1       9       213.00000
    1988       1      10       210.45000
    1988       1      11       209.43478
    1988       1      12       207.86957
    1988       1      13       195.58333
    1988       1      14       205.52632
    1988       1      15       206.57143
    1988       1      16       195.13637
    1988       1      17       196.63158
    1988       1      18       200.59091
    1988       1      19       201.00000
    1988       1      20       209.39131
    1988       1      21       211.52632
    1988       1      22       215.60001
    1988       1      23       209.42857
    1988       1      24       196.50000
    1988      12      13       210.00000
    1988      12      14       206.00000
    1988      12      15       201.50000
    1988      12      16       213.64285
    1988      12      17       205.38095
    1989      10      21       189.58333
    1989      10      22       194.73334
    1989      10      23       197.21428
    1989      10      24       203.50000
    1989      10      25       199.71428
    1989      10      26       195.53847
    1989      10      27       202.14285
    1989      10      28       199.00000
    1989      10      29       191.30769
    1989      10      30       203.64285
    1989      10      31       193.00000
    1989      11       1       187.42857
    1989      11       2       188.85715
    1989      11       3       192.92857
    1989      11       4       190.60001
    1989      11       5       185.53334
    1989      11       6       180.64285
    1989      11       7       195.66667
    1989      11       8       201.66667
    1989      11       9       199.13333
    1989      11      10       211.46666
    1989      11      11       217.78572
    1989      11      12       174.46666
    1989      11      13       226.60001
    1989      11      14       223.42857
    1989      11      15       207.46153
    1989      11      16       186.84616
    1989      11      17       189.46153
    1989      11      18       179.46153
    1989      11      19       206.20000
    1989      11      27       193.75000
    1989      11      28       167.95000
    1989      11      29       205.75000
    1989      11      30       204.79167
    1989      12       1       210.08333
    1989      12       2       218.58333
    1989      12       3       213.70833
    1989      12       4       212.54167
    1989      12       5       212.79167
    1989      12       6       205.33333
    1989      12       9       228.09091
    1989      12      10       214.20000
    1989      12      11       202.28572
    1989      12      14       204.68750
    1989      12      15       217.39999
    1989      12      16       227.04167
    1989      12      17       216.13043
    1989      12      18       208.05556
    1989      12      19       213.54546
    1989      12      20       199.08696
    1989      12      22       205.13043
    1989      12      23       201.95653
    1989      12      24       217.50000
    1989      12      31       220.00000
    1990       1       1       199.72728
    1990       1       2       183.20833
    1990       1       3       176.29167
    1990       1       4       175.80000
    1990       1       7       175.30769
    1990       1       8       186.88889
    1990       1       9       210.33333
    1990       1      10       189.85715
    1990       1      11       219.66667
    1990       1      12       213.10527
    1990       1      13       197.63158
    1990       1      16       172.39999
    1990       1      17       206.00000
    1990       1      18       171.60001
    1990       1      19       197.11111
    1991       1       6       225.46567
    1991       1       8       200.48134
    1991       1      12       204.88652
    1991       1      13       216.10455
    1991       1      15       226.51074
    1991       1      17       220.00696
    1991       1      18       222.76060
    1991       1      19       238.90160
    1991       1      22       217.80103
    1994       1       7       221.28546
    1994       1       8       185.06862
    1994       1       9       208.87248
    1994       1      10       205.11868
    1994       1      13       183.32051
    1994       1      15       195.91713
    1994      12      13       222.47632
    1994      12      20       229.78481
    1994      12      21       227.57788
    1994      12      22       221.77066
    1994      12      23       220.67139
    1994      12      24       203.26987
    1994      12      26       218.73456
    1994      12      27       211.88808
    1994      12      29       201.70567
    1994      12      30       190.17619
    1995       1       1       204.09486
    1995       1       2       196.83101
    1995       1       3       212.81273
    1995       1       7       200.32626
    1995       1      10       201.55106
    1995      12      12       212.87920
    1995      12      13       211.51784
    1995      12      14       225.73415
    1995      12      15       213.81322
    1995      12      16       202.39053
    1995      12      19       208.56841
    1995      12      20       207.31116
    1995      12      21       201.21205
    1995      12      22       196.64969
    1995      12      23       212.83479
    1995      12      25       210.86079
    1995      12      28       213.72246
    1995      12      29       214.50204
    1995      12      30       222.23560
    1995      12      31       219.71419
    1996       1       1       218.93782
    1996       1       2       204.87921
    1996       1       3       214.71709
    1996       1       4       196.22409
    1996       1      23       213.41844
    1996       2       6       195.43567
    1996       2      12       236.11151
    1996       2      14       204.21066
    1996      12       8       201.97511
    1997      12      10       213.14931
    1997      12      11       213.96844
    1997      12      15       208.27699
    1997      12      16       210.05824
    1997      12      17       206.37213
    1997      12      18       204.79897
    1997      12      19       203.93040
    1997      12      20       200.77400
    1997      12      23       186.01593
    1997      12      24       204.58278
    1997      12      25       205.42191
    1997      12      26       211.18463
    1997      12      27       209.82196
    1997      12      28       209.45235
    1997      12      29       208.12114
    1997      12      30       201.44164
    1998       1       1       223.11760
    1998       1       2       225.03212
    1998       1       3       214.44231
    1998       1       4       204.25969
    1998       1      10       195.06036
    1998       1      11       203.68185
    1998       1      14       225.04123
    1998       1      16       216.80396
    1998       1      17       221.02116
    1998       1      18       213.77631
    1998       1      20       209.31247
    1998       1      21       208.01231
    1998       1      22       212.37573
    1998       1      24       206.75980
    1998       1      25       208.08632
    1998       1      26       199.85672
    1998       1      28       218.55807
    1998       1      29       215.63872
    1998       1      30       196.57309
    1999       2      15       221.34796
    1999       2      16       208.11302
    1999       2      17       210.91115
    1999      11      12       215.72855
    1999      11      13       210.03145
    1999      11      14       189.35138
    1999      11      16       203.90631
    1999      11      17       195.89044
    1999      11      18       186.69899
    1999      11      19       186.73166
    1999      11      22       185.55380
    1999      11      23       209.71384
    1999      11      24       221.87923
    1999      11      25       193.34941
    1999      11      27       212.95146
    1999      11      29       204.39047
    1999      11      30       203.50993
    1999      12       1       190.85988
    1999      12       3       210.06746
    1999      12       4       195.07619
    1999      12       5       197.29561
    1999      12       6       212.36827
    1999      12       7       209.34297
    1999      12       8       208.52786
    1999      12       9       217.90033
    1999      12      10       204.26787
    1999      12      11       206.81618
    1999      12      12       210.45770
    1999      12      13       192.87961
    1999      12      14       193.46410
    1999      12      15       205.42905
    1999      12      16       215.56381
    1999      12      19       214.32539
    1999      12      20       208.53510
    1999      12      21       217.53963
    1999      12      23       216.58572
    1999      12      24       208.17700
    1999      12      25       203.45958
    1999      12      26       213.85136
    1999      12      27       219.18520
    2000       1      10       229.95195
    2000       1      15       214.85541
    2000       1      16       206.56604
    2000       1      26       198.13780
    2000       1      27       217.95857
    2000       1      30       203.70441
    2000       2       3       203.87418
    2000       2       4       220.12332
    2000       2       6       206.50354
    2000       2       7       212.08861
    2000      11      18       193.04625
    2000      11      19       225.35730
    2000      11      20       229.78761
    2000      11      21       227.19325
    2000      11      22       208.09476
    2000      11      23       205.40482
    2000      11      25       217.63042
    2000      11      26       221.65198
    2000      11      27       227.41469
    2000      11      28       221.28465
    2000      11      29       231.12872
    2000      11      30       230.86388
    2000      12       1       230.70483
    2000      12       2       230.21942
    2000      12       3       224.85474
    2000      12       4       210.17194
    2000      12       5       211.93132
    2000      12       6       198.34575
    2000      12      18       230.25920
    2000      12      19       214.16153
    2000      12      20       222.02556
    2000      12      21       219.15775
    2000      12      22       221.02351
    2000      12      23       226.64046
    2000      12      24       218.71388
    2000      12      26       223.73262
    2000      12      27       216.52602
    2000      12      28       217.59331
    2000      12      29       224.00420
    2000      12      30       223.70331
    2000      12      31       222.25703
    2001       1       1       222.22221
    2001       1       2       206.03766
    2001       1       3       208.83138
    2001       1       5       193.44131
    2001       1       6       196.20505
    2001       1       7       210.01118
    2001       1      14       215.50035
    2001       1      15       212.72293
    2001       1      16       205.23009
    2001       1      17       211.62088
    2001       1      20       194.29745
    2001       1      22       170.00468
    2001       1      23       203.01050
    2001       1      24       170.55008
    2001       1      25       185.70325
    2001       1      26       185.65421
    2001       1      27       178.22202
    2001       1      28       185.57172
    2001       1      29       190.62097
    2001       1      30       188.62297
    2001       1      31       199.68420
    2001       2       1       187.83235
    2001       2       2       198.10419
    2001       2      20       189.55965
    2001       2      21       215.80728
    2001       2      22       208.77261
    2001      11      14       198.65746
    2001      11      17       203.48112
    2001      11      19       210.47829
    2001      11      20       221.67845
    2001      11      22       211.91734
    2001      11      24       212.00259
    2001      12      20       175.32388
    2001      12      22       194.29013
    2001      12      24       207.03191
    2001      12      25       175.38396
    2001      12      26       215.99330
    2002       1       8       224.70383
    2002       1       9       211.80424
    2002       1      10       212.80812
    2002       1      11       229.07262
    2002       1      12       225.84335
    2002       1      14       214.25938
    2002       1      15       205.56015
    2002       1      16       209.72882
    2002       1      17       223.41164
    2002       1      18       221.39661
    2002       1      19       193.86604
    2002       2       6       190.50636
    2002       2       7       195.19823
    2002       2       8       216.54327
    2002       2       9       218.73178
    2002       2      10       210.99008
    2002       2      11       216.88805
    2002       2      13       197.87393
    2002      11       4       214.04695
    2002      11       5       223.02199
    2002      11       6       223.73172
    2002      11      11       224.73296
    2002      11      12       227.11653
    2002      11      13       218.59103
    2002      11      14       224.65503
    2002      12       1       206.05673
    2002      12       4       173.50305
    2002      12       5       215.95323
    2002      12       7       183.97853
    2002      12       8       212.25420
    2002      12       9       192.69453
    2002      12      10       188.58011
    2002      12      11       207.51768
    2002      12      13       241.45200
    2002      12      14       207.36774
    2003       1       4       223.37102
    2003       1       5       198.01582
    2003       1       6       205.29036
    2003       1       7       211.14844
    2003       1       8       195.82364
    2003       1       9       198.15596
    2003       1      10       219.18181
    2003       1      25       202.53983
    2003       1      26       194.83690
    2003       1      27       193.60622
    2003       1      28       192.35292
    2003       1      29       196.91949
    2003       1      30       202.05275
    2003       1      31       194.36374
    2003       2       1       197.30565
    2003       2       2       209.55777
    2003       2       3       211.64186
    2003       2       4       208.35042
    2003      11      17       212.97276
    2003      11      18       243.12512
    2003      11      19       216.23544
    2003      11      20       208.00465
    2003      11      21       209.92336
    2003      11      22       221.50615
    2003      11      23       208.20560
    2003      11      24       206.13789
    2003      11      25       213.25934
    2003      11      26       231.21538
    2003      11      28       235.81088
    2003      11      29       232.80078
    2003      11      30       237.04428
    2003      12       1       215.93115
    2003      12       2       222.95728
    2003      12       3       232.04410
    2003      12       4       228.16803
    2003      12       5       222.73418
    2003      12       6       218.19678
    2003      12       7       208.42757
    2003      12       8       208.18170
    2003      12      11       228.18562
    2003      12      12       208.85028
    2003      12      13       222.40398
    2003      12      14       198.62169
    2003      12      15       206.37227
    2003      12      16       196.91356
    2003      12      17       208.75800
    2003      12      18       210.45419
    2003      12      19       221.31186
    2003      12      20       218.53896
    2003      12      21       224.02899
    2003      12      22       212.98882
    2003      12      23       195.15088
    2003      12      24       221.03433
    2003      12      25       216.08005
    2003      12      26       209.95587
    2003      12      27       208.19241
    2003      12      28       197.05942
    2003      12      29       202.45050
    2003      12      30       200.58783
    2003      12      31       210.01802
    2004       1       1       216.33131
    2004       1       3       226.53648
    2004       1       4       207.61275
    2004       1       6       203.35342
    2004       1       7       214.40056
    2004       1       9       224.82893
    2004       1      10       199.46059
    2004       1      11       209.50143
    2004       1      12       204.30043
    2004       1      13       223.82419
    2004       1      14       228.02550
    2004       1      15       235.05884
    2004       1      16       239.13397
    2004       1      17       240.80139
    2004       1      18       232.81291
    2004       1      19       242.15813
    2004       1      20       240.71500
    2004       1      21       241.20609
    2004       1      22       240.27155
    2004       1      23       236.79735
    2004       1      24       232.61798
    2004       1      25       237.34247
    2004       1      26       240.77533
    2004       1      27       232.97475
    2004       1      28       225.88817
    2004       1      29       215.80576
    2004       1      30       217.81662
    2004       1      31       227.79625
    2004       2       1       221.54832
    2004       2       2       218.59828
    2004       2       3       222.83281
    2004       2       4       228.61548
    2004       2       5       236.59637
    2004       2       6       236.04709
    2004       2       8       245.02354
    2004       2       9       234.20645
    2004       2      10       243.55836
    2004       2      11       242.14851
    2004       2      12       246.41820
    2004       2      14       240.91515
    2004       2      15       248.92599
    2004       2      17       250.79822
    2004       2      19       252.78563
    2004      11      20       191.98347
    2004      11      21       207.45477
    2004      11      24       192.38651
    2004      11      25       198.96547
    2004      11      28       194.28647
    2004      11      30       198.67348
    2004      12       1       215.02068
    2004      12       2       172.74785
    2004      12       4       204.64957
    2004      12       6       226.17482
    2004      12       7       207.99707
    2004      12       8       221.42174
    2004      12       9       228.57454
    2004      12      12       223.06093
    2004      12      13       218.81223
    2004      12      14       211.35646
    2004      12      15       208.54951
    2004      12      16       218.33604
    2004      12      17       213.14973
    2004      12      18       201.45317
    2004      12      20       210.02431
    2004      12      21       191.57579
    2005       2       1       210.77240
    2005       2       2       213.99190
    2005       2       3       199.61661
    2005       2       7       197.23476
    2005       2       9       221.44632